pa1-debug-g-auxilliary1.txt
EM distortion factor =     0.0200
EM noise =       0.20
Optical tracker jiggle factor =     0.0100
EM pivot post actual position =   204.49,   193.57,   197.79
EM pivot post est    position =   200.91,   202.11,   197.93
Optical pivot post actual position =   395.12,   397.40,   201.61
Optical pivot post est    position =   395.12,   397.40,   201.61
Cal EM observed - cal EM estimated
  0:    -5.33,     9.96,    -2.16
  1:    -3.88,     3.33,    -0.36
  2:    -0.96,    -2.81,    -0.48
  3:    -5.77,     4.84,    -2.25
  4:    -4.12,     2.15,    -1.37
  5:    -0.82,    -1.31,    -0.54
  6:    -3.43,     0.93,    -1.18
  7:    -2.94,     1.19,    -0.85
  8:    -1.12,     0.31,     0.63
  9:    -1.80,     6.19,     2.84
 10:    -1.41,     0.12,     3.27
 11:    -1.52,    -4.53,     1.70
 12:    -4.69,     6.00,    -3.27
 13:    -2.00,     5.07,    -0.89
 14:     1.46,     2.66,     0.47
 15:    -5.11,     4.26,    -6.66
 16:    -1.77,     7.37,    -2.45
 17:     3.22,     7.50,     1.72
 18:     2.54,     1.42,     3.68
 19:     0.55,    -2.23,     4.27
 20:    -2.64,    -4.41,     2.78
 21:    -1.08,     5.54,    -2.54
 22:     2.58,     6.48,    -0.31
 23:     4.49,     5.35,     0.28
 24:    -3.26,     5.69,    -7.08
 25:     3.26,    10.05,    -2.81
 26:     8.33,    10.48,     0.60
 27:    -1.27,    -2.67,    -0.27
 28:     1.86,    -2.51,    -2.29
 29:     4.16,     4.08,    -4.15
 30:    -1.03,    -1.00,    -0.49
 31:     2.62,    -1.76,    -0.99
 32:     4.70,     1.36,    -2.45
 33:    -1.07,     0.89,     0.67
 34:     2.16,    -0.49,     1.07
 35:     4.55,    -1.02,    -0.87
 36:    -1.75,    -4.79,     2.14
 37:    -1.72,    -4.07,    -0.33
 38:    -0.69,     1.70,    -2.39
 39:     1.30,     2.61,     0.55
 40:     2.61,     0.67,    -0.97
 41:     1.75,     0.61,    -4.12
 42:     3.46,     7.99,     1.40
 43:     5.74,     4.52,     0.51
 44:     4.03,    -0.38,    -4.38
 45:    -2.96,    -5.12,     3.24
 46:    -5.04,    -4.22,     0.68
 47:    -4.37,    -0.68,    -2.33
 48:     4.00,     4.71,     0.46
 49:     1.86,     2.05,    -1.50
 50:    -2.25,    -0.64,    -4.75
 51:     8.40,    10.37,     0.15
 52:     6.96,     6.08,    -0.72
 53:     0.46,    -0.79,    -4.41
 54:    -3.93,     1.29,    -1.72
 55:    -3.25,     1.75,    -1.09
 56:    -0.73,     1.02,     0.73
 57:     0.53,     1.83,    -0.28
 58:    -0.84,     2.89,     0.80
 59:    -0.91,     2.69,     2.98
 60:     5.21,     4.71,     0.68
 61:     1.57,     4.90,     2.60
 62:    -1.52,     3.96,     4.33
 63:    -5.21,     4.54,    -6.81
 64:    -1.56,     7.81,    -2.71
 65:     3.88,     8.10,     1.36
 66:    -2.04,     3.20,    -6.14
 67:     0.67,     7.34,    -0.50
 68:     3.97,     8.07,     4.98
 69:     3.44,     2.08,    -2.61
 70:     3.48,     4.09,     3.41
 71:     1.86,     3.62,     8.46
 72:    -3.16,     5.54,    -6.73
 73:     3.42,     9.74,    -2.89
 74:     8.58,    10.24,     0.05
 75:    -1.39,     2.22,    -7.64
 76:     4.03,     6.96,    -1.82
 77:     7.22,     7.97,     3.49
 78:     3.24,    -2.04,    -5.53
 79:     4.42,     0.22,     1.78
 80:     2.12,     0.37,     8.33
 81:    -1.02,     0.74,     0.53
 82:     2.24,    -0.71,     0.82
 83:     4.54,    -0.82,    -0.94
 84:    -1.12,     2.44,     2.71
 85:     0.84,     0.24,     2.91
 86:     3.99,    -2.01,     0.66
 87:    -1.68,     3.94,     4.08
 88:    -0.97,     1.32,     3.61
 89:     3.92,    -1.74,     1.52
 90:     3.51,     7.76,     1.29
 91:     5.58,     4.16,     0.22
 92:     3.88,    -0.38,    -4.52
 93:     3.79,     7.96,     4.86
 94:     5.16,     4.04,     3.26
 95:     4.27,    -1.79,    -3.43
 96:     1.83,     3.77,     8.35
 97:     1.71,     0.93,     6.05
 98:     3.19,    -2.82,    -1.19
 99:     8.44,    10.20,     0.12
100:     6.63,     5.73,    -0.97
101:     0.14,    -1.00,    -4.72
102:     7.29,     8.21,     3.60
103:     5.50,     4.27,     2.53
104:     0.28,    -2.53,    -3.09
105:     2.12,     0.73,     8.51
106:    -0.16,    -1.08,     6.78
107:    -1.64,    -4.03,    -0.68
108:     2.37,     1.62,     4.05
109:     0.46,    -2.70,     4.64
110:    -3.11,    -5.26,     3.17
111:    -1.11,     5.41,    -2.30
112:     2.35,     5.88,    -0.00
113:     3.89,     4.54,     0.46
114:    -3.37,     5.72,    -6.99
115:     3.24,     9.93,    -2.84
116:     8.43,    10.28,     0.20
117:     4.91,    -0.60,    -0.59
118:     0.44,    -2.79,     1.54
119:    -4.16,    -3.58,     1.56
120:     2.82,     2.14,    -0.02
121:     4.98,     3.26,     0.26
122:     4.25,     3.21,    -0.92
123:     1.44,     2.59,    -0.75
124:     7.89,     5.02,    -0.94
125:     9.54,     5.33,    -1.95
126:     5.15,     0.85,    -8.48
127:    -0.85,    -0.72,    -4.80
128:    -4.23,    -1.47,    -2.73
129:     4.78,    -1.90,     1.07
130:     4.30,    -1.55,    -0.96
131:     2.19,    -1.04,    -3.20
132:     5.95,    -4.06,     6.81
133:     8.79,    -4.28,     1.18
134:     6.57,    -3.67,    -3.57
135:    -2.88,    -5.24,     3.30
136:    -4.77,    -4.22,     0.66
137:    -4.25,    -0.65,    -2.40
138:     3.77,     4.64,     0.58
139:     2.23,     2.23,    -1.32
140:    -1.59,    -0.44,    -4.64
141:     7.79,    10.61,     0.22
142:     7.32,     6.62,    -0.32
143:     1.53,    -0.23,    -4.21
144:    -3.90,    -3.50,     1.64
145:    -5.18,    -2.37,    -0.75
146:    -3.44,    -0.45,    -4.64
147:     4.62,     3.59,    -0.78
148:     1.59,     2.11,    -2.45
149:    -3.13,    -0.65,    -4.23
150:     9.73,     6.12,    -1.71
151:     5.90,     3.72,    -1.66
152:    -2.30,    -1.30,    -1.43
153:    -4.01,    -1.42,    -2.56
154:    -2.22,     0.08,    -4.00
155:     2.34,     2.63,    -7.25
156:     2.75,    -0.76,    -3.05
157:     0.97,     0.04,    -3.62
158:    -0.89,     0.65,    -2.32
159:     7.19,    -3.04,    -3.40
160:     2.32,    -2.19,    -2.34
161:    -4.15,    -1.77,     3.71
162:    -3.33,     5.86,    -6.75
163:     3.10,     9.90,    -2.76
164:     8.16,    10.15,     0.15
165:    -1.66,     2.80,    -7.73
166:     3.92,     7.65,    -1.76
167:     7.39,     8.56,     3.43
168:     2.99,    -1.61,    -5.61
169:     4.38,     0.95,     1.86
170:     2.47,     1.15,     8.23
171:     1.60,     2.76,    -0.65
172:     7.83,     5.29,    -0.95
173:     9.39,     5.67,    -1.90
174:     2.43,     0.28,    -2.58
175:     7.49,     2.13,    -1.34
176:     7.85,     2.36,    -0.28
177:     4.86,    -3.13,    -4.70
178:     4.61,    -3.93,    -0.22
179:     1.12,    -4.58,     3.72
180:     6.12,    -3.96,     6.49
181:     8.64,    -3.86,     0.85
182:     6.46,    -3.04,    -3.59
183:     6.98,    -4.52,     5.34
184:     8.56,    -6.92,     0.30
185:     5.27,    -7.30,    -3.57
186:     6.78,    -3.15,    -1.12
187:     3.83,    -8.95,    -1.40
188:    -0.98,   -11.27,    -2.10
189:     7.97,    10.30,     0.13
190:     6.90,     6.09,    -0.74
191:     0.76,    -0.64,    -4.52
192:     7.28,     8.69,     3.23
193:     5.88,     4.85,     2.91
194:     0.75,    -1.94,    -2.33
195:     2.73,     1.15,     7.85
196:     0.02,    -0.83,     7.48
197:    -1.91,    -3.76,     0.75
198:     9.43,     5.87,    -1.83
199:     5.26,     3.37,    -1.93
200:    -2.90,    -1.47,    -1.59
201:     8.09,     2.51,    -0.42
202:     3.45,     0.62,     0.98
203:    -4.19,    -3.20,     1.69
204:     1.63,    -4.52,     3.24
205:    -3.12,    -4.99,     5.05
206:    -6.96,    -4.92,     3.70
207:     6.58,    -2.75,    -3.50
208:     1.97,    -1.88,    -2.41
209:    -3.82,    -1.29,     3.32
210:     5.66,    -7.15,    -3.54
211:    -0.40,    -5.94,    -0.73
212:    -6.98,    -3.68,     7.79
213:    -0.32,   -11.23,    -2.35
214:    -5.65,    -9.90,     0.93
215:    -9.06,    -5.27,     7.55
