pa1-debug-c-auxilliary1.txt
EM distortion factor =     0.0100
EM noise =       0.00
Optical tracker jiggle factor =     0.0000
EM pivot post actual position =   195.30,   196.86,   200.50
EM pivot post est    position =   194.15,   194.78,   198.09
Optical pivot post actual position =   405.59,   404.50,   191.17
Optical pivot post est    position =   405.59,   404.50,   191.17
Cal EM observed - cal EM estimated
  0:    -1.06,    -2.00,    -1.94
  1:    -3.08,     2.51,    -1.05
  2:    -2.86,     5.57,     0.49
  3:     2.09,    -3.08,     0.36
  4:    -1.37,     1.83,     1.45
  5:    -3.20,     5.03,     2.48
  6:     4.28,    -2.65,     2.60
  7:     0.57,     0.37,     2.46
  8:    -2.35,     2.40,     2.19
  9:    -2.07,    -3.56,     1.13
 10:    -2.87,     1.10,     1.94
 11:    -2.26,     4.00,     2.28
 12:     1.58,    -3.65,     1.75
 13:     0.37,     0.55,     2.63
 14:    -0.87,     3.46,     2.83
 15:     4.13,    -2.56,     1.97
 16:     2.77,    -0.61,     1.65
 17:     0.43,     1.36,     1.30
 18:    -2.34,    -3.63,     2.88
 19:    -1.96,    -0.12,     3.15
 20:    -1.13,     2.14,     2.31
 21:     1.11,    -2.46,     2.99
 22:     1.86,     0.24,     2.88
 23:     1.00,     2.12,     1.80
 24:     3.47,    -1.13,     1.93
 25:     3.85,    -0.34,     1.12
 26:     1.80,     0.78,     0.20
 27:    -3.04,     5.48,     0.29
 28:    -0.00,     4.57,     1.55
 29:     4.57,    -0.10,     1.52
 30:    -3.19,     4.83,     2.37
 31:    -2.12,     4.03,     2.53
 32:     1.38,    -0.68,     1.41
 33:    -2.07,     2.20,     2.25
 34:    -2.73,     1.86,     1.68
 35:    -0.94,    -0.92,     0.83
 36:    -2.37,     4.05,     2.25
 37:    -0.57,     2.85,     2.03
 38:     2.03,    -1.66,     0.82
 39:    -0.86,     3.38,     2.84
 40:    -1.09,     2.88,     2.46
 41:     0.19,    -0.62,     1.49
 42:     0.67,     1.18,     1.34
 43:    -1.09,     1.81,     1.34
 44:    -1.26,     0.99,     1.98
 45:    -1.19,     2.18,     2.39
 46:    -0.87,     1.58,     1.03
 47:    -0.64,    -1.33,    -0.82
 48:     1.06,     2.08,     1.92
 49:    -0.62,     1.70,     1.03
 50:    -1.70,    -0.37,     0.67
 51:     2.07,     0.67,     0.28
 52:    -0.62,     1.24,     0.48
 53:    -2.27,     1.41,     2.35
 54:     4.28,    -2.82,     2.48
 55:     0.52,     0.42,     2.50
 56:    -2.52,     2.66,     2.39
 57:     4.40,    -1.54,     3.01
 58:     1.47,    -0.65,     1.39
 59:    -1.18,     0.02,    -0.18
 60:     2.33,    -0.09,     1.37
 61:     1.17,    -0.72,    -1.28
 62:     0.23,    -1.18,    -3.86
 63:     4.02,    -2.76,     1.97
 64:     2.61,    -0.57,     1.84
 65:     0.25,     1.61,     1.58
 66:     4.00,    -1.56,     1.84
 67:     2.75,    -1.23,     0.41
 68:     0.56,    -0.21,    -0.65
 69:     1.16,    -0.73,     1.38
 70:     0.50,    -0.70,    -0.57
 71:    -0.25,    -0.37,    -2.19
 72:     3.33,    -1.30,     2.04
 73:     3.81,    -0.34,     1.35
 74:     1.86,     0.91,     0.44
 75:     3.01,    -0.74,     0.95
 76:     2.93,    -1.02,    -0.21
 77:     1.02,    -0.40,    -0.82
 78:    -0.32,    -0.92,     0.50
 79:    -0.69,    -0.95,    -0.65
 80:    -1.10,    -0.57,    -0.92
 81:    -2.33,     2.42,     2.33
 82:    -2.72,     1.93,     1.80
 83:    -0.69,    -1.14,     0.88
 84:    -1.01,    -0.13,    -0.27
 85:    -1.66,    -0.24,    -1.13
 86:    -0.42,    -1.04,    -0.92
 87:     0.36,    -1.26,    -3.97
 88:     0.77,    -1.19,    -4.96
 89:     2.15,    -0.41,    -3.71
 90:     0.47,     1.29,     1.37
 91:    -1.17,     1.85,     1.42
 92:    -1.17,     0.85,     2.02
 93:     0.59,    -0.38,    -0.83
 94:    -1.02,     0.62,    -0.63
 95:    -1.46,     1.32,     1.25
 96:    -0.23,    -0.34,    -2.34
 97:    -0.56,     0.13,    -2.53
 98:    -0.67,     0.54,    -0.78
 99:     1.98,     0.63,     0.22
100:    -0.69,     1.24,     0.53
101:    -2.27,     1.42,     2.43
102:     0.92,    -0.58,    -0.93
103:    -1.17,     0.61,     0.19
104:    -2.39,     2.03,     3.23
105:    -1.31,    -0.40,    -0.91
106:    -1.70,     0.36,     0.20
107:    -2.24,     1.08,     2.52
108:    -2.34,    -3.63,     2.90
109:    -1.99,     0.05,     3.20
110:    -1.22,     2.38,     2.43
111:     1.20,    -2.59,     2.93
112:     1.80,     0.22,     2.89
113:     0.86,     2.20,     1.98
114:     3.57,    -1.30,     1.88
115:     3.83,    -0.47,     1.12
116:     1.76,     0.74,     0.32
117:    -1.34,    -1.78,     1.50
118:    -0.56,     0.32,     1.43
119:    -0.05,     1.74,     0.66
120:     1.43,    -0.38,     2.90
121:     2.27,     1.42,     1.67
122:     1.00,     2.39,    -0.02
123:     3.16,     0.17,     2.35
124:     3.02,     0.92,     0.83
125:     0.44,     1.37,    -0.64
126:     0.73,     1.28,    -2.52
127:     1.00,     1.72,    -2.59
128:     0.81,     2.16,    -2.11
129:     2.03,     1.68,     1.29
130:     1.35,     3.18,    -0.62
131:    -0.68,     3.61,    -2.20
132:     2.72,     0.86,     2.69
133:     0.34,     2.59,     0.54
134:    -3.14,     2.80,    -1.37
135:    -1.17,     2.33,     2.53
136:    -0.86,     1.71,     1.22
137:    -0.48,    -1.37,    -0.58
138:     1.03,     2.09,     2.06
139:    -0.59,     1.81,     1.27
140:    -1.42,    -0.31,     0.89
141:     2.05,     0.57,     0.38
142:    -0.53,     1.30,     0.63
143:    -2.01,     1.53,     2.39
144:     0.11,     1.82,     0.64
145:    -0.70,     1.59,    -0.45
146:    -2.06,    -0.11,    -1.77
147:     1.19,     2.32,     0.08
148:    -1.27,     1.67,    -0.59
149:    -3.25,    -0.15,     0.06
150:     0.83,     1.18,    -0.55
151:    -2.00,     1.00,    -0.31
152:    -3.39,     0.49,     2.06
153:     0.84,     2.41,    -2.31
154:    -0.28,     2.35,    -1.94
155:    -1.95,     1.53,    -1.84
156:    -0.75,     3.63,    -2.01
157:    -2.99,     2.31,    -2.03
158:    -4.23,    -0.54,    -0.48
159:    -2.85,     2.58,    -1.20
160:    -4.97,     0.91,    -1.20
161:    -4.49,    -2.19,     0.78
162:     3.47,    -1.39,     1.95
163:     3.80,    -0.45,     1.27
164:     1.81,     0.83,     0.44
165:     3.05,    -0.85,     0.97
166:     2.86,    -1.10,    -0.23
167:     0.98,    -0.44,    -0.85
168:    -0.30,    -0.89,     0.69
169:    -0.69,    -0.83,    -0.55
170:    -1.06,    -0.40,    -1.00
171:     3.08,     0.14,     2.41
172:     3.10,     0.94,     0.95
173:     0.57,     1.46,    -0.59
174:     2.12,    -0.35,     0.75
175:     1.46,    -0.39,    -0.44
176:    -0.77,    -0.25,    -0.94
177:    -1.50,    -1.14,    -0.71
178:    -2.05,    -1.34,    -1.62
179:    -2.15,    -1.45,    -1.10
180:     2.75,     0.79,     2.75
181:     0.53,     2.57,     0.65
182:    -2.99,     2.88,    -1.35
183:     1.65,    -0.48,     1.01
184:    -1.03,     0.57,    -0.63
185:    -4.08,     0.37,    -1.50
186:    -1.30,    -1.24,    -2.24
187:    -2.71,    -1.56,    -3.79
188:    -3.14,    -2.61,    -3.29
189:     2.02,     0.68,     0.42
190:    -0.57,     1.30,     0.63
191:    -2.08,     1.49,     2.41
192:     1.19,    -0.60,    -0.90
193:    -0.97,     0.57,     0.01
194:    -2.27,     2.00,     2.84
195:    -1.09,    -0.46,    -1.01
196:    -1.57,     0.34,    -0.16
197:    -2.13,     1.03,     1.95
198:     0.74,     1.36,    -0.55
199:    -2.13,     1.04,    -0.37
200:    -3.49,     0.34,     1.97
201:    -0.57,    -0.34,    -0.97
202:    -2.43,    -0.09,     0.24
203:    -2.67,     0.42,     3.29
204:    -2.21,    -1.48,    -1.29
205:    -1.94,    -1.09,     0.60
206:    -1.34,    -0.18,     3.25
207:    -2.90,     2.82,    -1.28
208:    -5.05,     1.04,    -1.31
209:    -4.57,    -2.31,     0.63
210:    -3.88,     0.32,    -1.51
211:    -4.64,    -1.14,    -0.70
212:    -2.21,    -3.17,     1.50
213:    -3.13,    -2.57,    -3.55
214:    -1.57,    -3.45,    -1.47
215:     1.86,    -3.11,     1.36
