pa1-debug-e-auxilliary1.txt
EM distortion factor =     0.0200
EM noise =       0.00
Optical tracker jiggle factor =     0.0100
EM pivot post actual position =   194.13,   204.18,   209.39
EM pivot post est    position =   191.05,   207.33,   208.09
Optical pivot post actual position =   403.11,   393.69,   197.71
Optical pivot post est    position =   403.11,   393.69,   197.71
Cal EM observed - cal EM estimated
  0:    -3.37,     1.49,    -3.36
  1:     2.96,     6.66,     2.20
  2:     7.60,     8.55,     3.94
  3:    -5.11,     1.87,    -0.23
  4:    -1.26,     1.01,     2.33
  5:     3.26,     0.95,     3.19
  6:    -4.14,     1.70,     0.49
  7:    -4.90,    -4.69,     0.62
  8:    -2.68,    -7.05,     1.71
  9:    -9.18,     1.16,    -3.49
 10:    -2.41,     2.79,     1.19
 11:     3.21,     1.72,     4.43
 12:    -6.38,    -0.93,     1.02
 13:    -1.57,    -1.86,     2.60
 14:     2.42,    -1.34,     3.89
 15:    -1.71,    -2.86,     1.13
 16:    -0.59,    -6.47,     2.18
 17:     0.72,    -5.47,     3.80
 18:   -11.12,    -0.87,    -3.00
 19:    -6.38,    -2.83,    -0.76
 20:    -1.56,    -5.61,     2.26
 21:    -5.35,    -3.29,    -0.20
 22:    -0.88,    -3.54,     1.09
 23:     1.54,    -2.20,     3.15
 24:     0.52,    -5.98,    -1.11
 25:     3.57,    -4.47,     2.30
 26:     3.74,     0.21,     6.08
 27:     7.35,     8.37,     3.91
 28:     7.64,     7.29,     1.58
 29:     3.72,     3.94,    -2.62
 30:     2.44,     0.59,     3.12
 31:     4.91,     1.23,     1.80
 32:     4.40,     3.38,    -1.07
 33:    -3.64,    -7.24,     1.48
 34:    -0.42,    -5.00,     2.00
 35:     2.38,     2.99,     0.83
 36:     3.13,     1.98,     4.27
 37:     3.62,     1.17,     4.44
 38:    -0.57,     1.39,     2.12
 39:     2.05,    -1.72,     3.73
 40:     2.31,     0.55,     4.48
 41:    -0.67,     4.24,     4.65
 42:     0.19,    -6.47,     3.28
 43:     0.62,    -2.22,     5.00
 44:     0.25,     4.33,     5.70
 45:    -1.45,    -5.04,     2.05
 46:    -0.11,    -5.00,     3.32
 47:    -2.50,    -1.78,     2.43
 48:     1.75,    -2.28,     3.16
 49:     0.06,     0.79,     5.57
 50:    -4.25,     3.91,     7.49
 51:     3.94,    -1.00,     5.58
 52:     1.35,     3.29,     8.89
 53:    -2.37,     4.67,    10.33
 54:    -4.24,     2.12,     0.54
 55:    -4.93,    -4.19,     0.64
 56:    -2.70,    -6.79,     1.73
 57:    -0.57,     0.81,    -1.97
 58:    -4.67,    -7.17,    -2.22
 59:    -5.98,   -11.16,     0.75
 60:     3.81,    -1.86,    -5.79
 61:    -0.10,    -6.76,    -4.96
 62:    -3.89,    -9.68,     0.69
 63:    -1.82,    -2.50,     1.15
 64:    -0.81,    -6.41,     2.08
 65:     0.55,    -5.76,     3.63
 66:     0.72,    -1.93,    -4.12
 67:    -0.53,    -7.62,    -1.08
 68:    -0.61,    -8.94,     3.34
 69:     0.56,     0.16,   -10.59
 70:    -0.46,    -4.39,    -5.34
 71:    -0.11,    -8.61,     2.55
 72:     0.45,    -5.92,    -1.22
 73:     3.48,    -4.76,     2.19
 74:     3.81,    -0.16,     6.03
 75:     0.23,    -5.41,    -5.64
 76:     2.44,    -4.47,     0.62
 77:     4.09,    -1.18,     6.78
 78:    -4.40,    -1.62,    -9.82
 79:    -2.35,    -1.84,    -2.89
 80:     2.71,    -3.38,     4.05
 81:    -3.07,    -6.78,     1.67
 82:     0.30,    -4.16,     1.92
 83:     2.90,     3.55,     0.32
 84:    -6.02,   -11.15,     0.42
 85:    -4.13,    -7.14,     3.17
 86:    -0.50,     4.32,     3.03
 87:    -3.37,    -9.77,     0.04
 88:    -4.82,    -5.39,     5.20
 89:    -3.16,     5.59,     6.43
 90:     0.40,    -5.91,     3.44
 91:     0.72,    -1.45,     4.92
 92:     0.13,     4.97,     5.35
 93:    -0.64,    -8.99,     3.09
 94:     0.43,    -4.99,     5.75
 95:     1.82,     2.15,     4.83
 96:    -0.13,    -8.35,     2.13
 97:     1.88,    -7.76,     5.88
 98:     3.78,    -2.53,     3.36
 99:     3.67,    -0.58,     5.75
100:     0.69,     3.53,     8.80
101:    -3.06,     5.01,    10.16
102:     4.10,    -1.16,     6.64
103:     3.78,     0.59,     9.76
104:     1.80,    -0.39,     8.89
105:     2.64,    -2.93,     4.09
106:     7.10,    -5.79,     6.83
107:     7.55,    -9.11,     4.50
108:   -11.00,    -0.71,    -2.79
109:    -5.78,    -2.49,    -0.45
110:    -0.92,    -4.96,     2.38
111:    -5.10,    -3.36,     0.08
112:    -0.51,    -3.62,     1.43
113:     1.84,    -1.95,     3.54
114:     0.52,    -5.90,    -1.01
115:     3.43,    -4.88,     2.36
116:     3.69,    -0.39,     6.16
117:    -6.51,    -3.55,    -2.53
118:    -5.23,    -6.54,    -1.65
119:    -3.17,    -8.04,     0.04
120:    -0.93,    -3.87,    -3.54
121:     1.61,    -2.18,    -1.22
122:     1.52,     0.40,     1.70
123:     1.64,    -5.76,    -4.87
124:     4.88,     0.65,     0.22
125:     4.32,     6.91,     5.42
126:     2.74,    -5.23,    -2.44
127:    -0.44,    -6.85,    -0.68
128:    -2.31,    -5.75,    -0.18
129:     4.46,    -1.32,    -7.35
130:     3.44,     2.24,    -3.38
131:     0.67,     4.10,    -0.51
132:     1.28,    -1.34,    -7.44
133:     2.79,     7.59,    -3.03
134:     1.51,    11.66,     0.66
135:    -1.00,    -4.62,     2.25
136:    -0.01,    -4.54,     3.44
137:    -2.72,    -1.31,     2.64
138:     1.89,    -2.23,     3.42
139:     0.08,     1.05,     5.81
140:    -4.26,     4.23,     7.76
141:     3.67,    -1.65,     5.58
142:     1.36,     2.85,     8.84
143:    -2.06,     4.55,    10.20
144:    -3.06,    -7.65,    -0.10
145:    -1.36,    -6.57,    -0.04
146:    -0.85,    -3.45,    -1.69
147:     1.93,     0.37,     1.71
148:    -0.72,     2.26,     3.73
149:    -4.31,     1.80,     4.09
150:     4.86,     5.83,     5.09
151:     0.96,     7.45,     8.61
152:    -4.31,     2.91,     9.14
153:    -1.91,    -5.44,    -0.29
154:    -0.32,    -4.26,    -2.93
155:     3.35,    -4.44,    -7.91
156:     1.23,     4.78,    -0.51
157:    -1.18,     2.99,    -1.02
158:    -2.19,    -2.35,    -5.06
159:     2.36,    11.55,     0.76
160:    -1.61,     8.82,     2.56
161:    -6.57,     0.00,     1.13
162:     0.17,    -5.71,    -0.61
163:     2.99,    -5.13,     2.45
164:     3.30,    -1.26,     5.82
165:     0.53,    -5.39,    -5.18
166:     2.44,    -4.96,     0.76
167:     3.62,    -2.34,     6.57
168:    -3.99,    -1.77,    -9.79
169:    -2.00,    -2.14,    -2.92
170:     2.53,    -4.00,     4.12
171:     1.80,    -5.58,    -4.44
172:     4.92,     0.25,     0.62
173:     4.18,     5.93,     5.70
174:    -1.27,    -6.94,    -4.90
175:     2.91,     0.53,     1.30
176:     5.34,     6.14,     6.95
177:    -8.17,    -6.19,    -3.87
178:    -2.68,    -0.94,     0.40
179:     4.82,     1.41,     4.24
180:     1.94,    -0.81,    -7.33
181:     3.23,     7.50,    -2.52
182:     1.68,    11.02,     1.51
183:    -3.87,    -4.46,    -2.73
184:     0.92,     5.68,    -0.24
185:     3.33,    10.70,     2.43
186:    -9.77,    -9.72,     3.79
187:    -1.40,    -1.63,     2.05
188:     5.69,     3.63,     1.99
189:     3.54,    -1.33,     5.64
190:     0.87,     3.12,     8.67
191:    -2.86,     5.04,    10.08
192:     3.61,    -2.45,     6.27
193:     3.70,    -0.17,     9.44
194:     2.00,    -0.26,     8.64
195:     2.19,    -4.04,     3.77
196:     6.70,    -6.48,     6.59
197:     7.50,    -8.72,     4.07
198:     4.58,     5.95,     5.18
199:     0.27,     7.13,     8.32
200:    -4.91,     2.92,     8.61
201:     5.25,     5.79,     6.37
202:     3.93,     4.75,     9.80
203:    -1.04,    -2.22,     9.82
204:     4.08,     1.10,     3.74
205:     8.07,    -2.61,     6.69
206:     4.96,   -10.46,     7.32
207:     2.08,    11.47,     0.88
208:    -2.09,     7.98,     2.22
209:    -6.40,    -0.70,     0.02
210:     3.48,    10.11,     1.96
211:     0.40,     7.09,     4.81
212:    -6.55,    -2.63,     5.93
213:     5.29,     2.59,     1.78
214:     5.27,     1.04,     5.35
215:    -2.44,    -7.17,    10.26
