27, 8, pa1-debug-d-output1.txt
  195.84,   202.86,   207.27
  398.26,   409.75,   207.82
  211.58,   209.75,   210.67
  209.82,   211.07,   335.65
  208.05,   212.39,   460.63
  211.29,   334.74,   209.35
  209.53,   336.06,   334.33
  207.76,   337.38,   459.31
  211.00,   459.73,   208.03
  209.24,   461.05,   333.01
  207.48,   462.37,   457.99
  336.57,   210.06,   212.43
  334.80,   211.37,   337.41
  333.04,   212.69,   462.40
  336.28,   335.05,   211.11
  334.52,   336.37,   336.09
  332.75,   337.69,   461.07
  335.99,   460.04,   209.79
  334.23,   461.36,   334.77
  332.46,   462.68,   459.75
  461.56,   210.36,   214.20
  459.79,   211.68,   339.18
  458.03,   213.00,   464.16
  461.27,   335.35,   212.87
  459.50,   336.67,   337.85
  457.74,   337.99,   462.83
  460.98,   460.35,   211.55
  459.21,   461.67,   336.53
  457.45,   462.99,   461.51
  208.68,   211.75,   450.55
  210.84,   214.21,   575.51
  212.99,   216.67,   700.47
  208.04,   336.72,   448.10
  210.19,   339.18,   573.06
  212.34,   341.65,   698.02
  207.39,   461.70,   445.65
  209.54,   464.16,   570.61
  211.70,   466.62,   695.56
  333.66,   212.35,   448.39
  335.82,   214.81,   573.34
  337.97,   217.28,   698.30
  333.02,   337.33,   445.94
  335.17,   339.79,   570.89
  337.32,   342.25,   695.85
  332.37,   462.30,   443.48
  334.52,   464.76,   568.44
  336.68,   467.22,   693.40
  458.64,   212.96,   446.22
  460.80,   215.42,   571.18
  462.95,   217.88,   696.14
  458.00,   337.93,   443.77
  460.15,   340.39,   568.73
  462.30,   342.85,   693.68
  457.35,   462.90,   441.32
  459.50,   465.37,   566.28
  461.66,   467.83,   691.23
  208.08,   450.52,   210.49
  204.87,   451.86,   335.44
  201.66,   453.20,   460.39
  206.29,   575.50,   209.10
  203.08,   576.84,   334.05
  199.87,   578.18,   459.00
  204.50,   700.48,   207.71
  201.29,   701.82,   332.66
  198.08,   703.16,   457.62
  333.02,   452.35,   213.67
  329.82,   453.69,   338.62
  326.61,   455.03,   463.57
  331.23,   577.33,   212.28
  328.03,   578.67,   337.24
  324.82,   580.01,   462.19
  329.44,   702.31,   210.90
  326.24,   703.65,   335.85
  323.03,   704.99,   460.80
  457.97,   454.17,   216.86
  454.76,   455.51,   341.81
  451.56,   456.85,   466.76
  456.18,   579.15,   215.47
  452.97,   580.49,   340.42
  449.77,   581.83,   465.37
  454.39,   704.13,   214.08
  451.18,   705.47,   339.04
  447.98,   706.81,   463.99
  210.34,   450.76,   451.49
  208.72,   449.21,   576.47
  207.11,   447.66,   701.45
  207.30,   575.71,   453.00
  205.68,   574.16,   577.98
  204.06,   572.61,   702.96
  204.25,   700.67,   454.51
  202.63,   699.12,   579.49
  201.01,   697.57,   704.47
  335.29,   453.79,   453.15
  333.68,   452.24,   578.13
  332.06,   450.68,   703.11
  332.25,   578.74,   454.66
  330.63,   577.19,   579.64
  329.01,   575.64,   704.62
  329.20,   703.69,   456.17
  327.58,   702.14,   581.15
  325.97,   700.59,   706.13
  460.25,   456.81,   454.80
  458.63,   455.26,   579.78
  457.01,   453.71,   704.76
  457.20,   581.77,   456.31
  455.58,   580.22,   581.29
  453.96,   578.67,   706.27
  454.15,   706.72,   457.82
  452.54,   705.17,   582.80
  450.92,   703.62,   707.78
  449.36,   210.19,   208.85
  449.67,   207.36,   333.82
  449.99,   204.54,   458.79
  445.73,   335.10,   211.68
  446.04,   332.28,   336.65
  446.35,   329.45,   461.62
  442.09,   460.02,   214.52
  442.41,   457.19,   339.49
  442.72,   454.37,   464.45
  574.31,   213.83,   208.62
  574.62,   211.00,   333.59
  574.93,   208.18,   458.56
  570.68,   338.74,   211.46
  570.99,   335.92,   336.42
  571.30,   333.09,   461.39
  567.04,   463.66,   214.29
  567.35,   460.83,   339.26
  567.66,   458.01,   464.22
  699.26,   217.47,   208.39
  699.57,   214.65,   333.36
  699.88,   211.82,   458.33
  695.62,   342.39,   211.23
  695.93,   339.56,   336.20
  696.24,   336.74,   461.16
  691.99,   467.30,   214.06
  692.30,   464.48,   339.03
  692.61,   461.65,   464.00
  449.63,   208.28,   451.83
  449.73,   210.46,   576.81
  449.84,   212.64,   701.79
  447.80,   333.25,   449.65
  447.90,   335.43,   574.63
  448.00,   337.61,   699.61
  445.96,   458.21,   447.47
  446.06,   460.40,   572.45
  446.17,   462.58,   697.43
  574.62,   210.11,   451.70
  574.72,   212.29,   576.68
  574.83,   214.48,   701.66
  572.78,   335.08,   449.52
  572.89,   337.26,   574.50
  572.99,   339.44,   699.48
  570.95,   460.05,   447.34
  571.05,   462.23,   572.32
  571.15,   464.41,   697.30
  699.60,   211.95,   451.56
  699.71,   214.13,   576.54
  699.81,   216.31,   701.52
  697.77,   336.91,   449.38
  697.87,   339.10,   574.36
  697.98,   341.28,   699.34
  695.93,   461.88,   447.20
  696.04,   464.06,   572.18
  696.14,   466.24,   697.16
  451.03,   451.65,   211.41
  449.02,   454.71,   336.36
  447.01,   457.77,   461.30
  449.19,   576.60,   208.32
  447.18,   579.66,   333.27
  445.18,   582.72,   458.21
  447.35,   701.55,   205.23
  445.34,   704.61,   330.18
  443.34,   707.67,   455.13
  576.00,   453.54,   213.37
  573.99,   456.60,   338.32
  571.99,   459.66,   463.26
  574.16,   578.49,   210.28
  572.15,   581.55,   335.23
  570.15,   584.61,   460.18
  572.32,   703.43,   207.19
  570.32,   706.49,   332.14
  568.31,   709.55,   457.09
  700.97,   455.43,   215.33
  698.96,   458.48,   340.28
  696.96,   461.54,   465.23
  699.13,   580.37,   212.24
  697.12,   583.43,   337.19
  695.12,   586.49,   462.14
  697.29,   705.32,   209.15
  695.29,   708.38,   334.10
  693.28,   711.44,   459.05
  451.42,   450.30,   449.27
  448.56,   447.36,   574.20
  445.70,   444.42,   699.14
  454.11,   575.24,   452.27
  451.25,   572.30,   577.21
  448.38,   569.36,   702.14
  456.79,   700.17,   455.28
  453.93,   697.23,   580.21
  451.07,   694.29,   705.14
  576.36,   447.55,   452.07
  573.50,   444.61,   577.00
  570.64,   441.67,   701.93
  579.05,   572.49,   455.07
  576.18,   569.54,   580.00
  573.32,   566.60,   704.94
  581.73,   697.42,   458.07
  578.87,   694.48,   583.01
  576.01,   691.54,   707.94
  701.30,   444.80,   454.87
  698.44,   441.86,   579.80
  695.58,   438.92,   704.73
  703.98,   569.73,   457.87
  701.12,   566.79,   582.80
  698.26,   563.85,   707.73
  706.67,   694.67,   460.87
  703.81,   691.73,   585.80
  700.95,   688.79,   710.74
