27, 8, pa1-debug-c-output1.txt
  194.15,   194.78,   198.09
  405.59,   404.50,   191.17
  209.80,   211.56,   209.98
  212.21,   208.92,   335.23
  214.67,   206.14,   460.25
  212.51,   336.59,   213.01
  214.81,   333.71,   337.67
  217.26,   330.97,   462.59
  215.13,   461.66,   215.96
  217.54,   458.72,   340.40
  220.04,   455.87,   465.21
  334.62,   209.02,   207.56
  337.08,   206.08,   332.59
  339.55,   203.31,   457.45
  337.63,   334.06,   210.28
  339.91,   331.02,   335.34
  342.23,   328.17,   460.51
  340.39,   459.02,   213.07
  342.64,   456.08,   338.16
  344.95,   453.12,   463.45
  459.36,   206.64,   205.17
  461.97,   203.50,   329.96
  464.62,   200.60,   454.73
  462.56,   331.55,   207.69
  464.93,   328.46,   333.01
  467.27,   325.52,   458.29
  465.61,   456.40,   210.28
  467.76,   453.45,   335.86
  469.85,   450.47,   461.45
  209.13,   208.59,   448.55
  207.24,   210.77,   573.38
  205.37,   212.80,   698.04
  212.41,   333.40,   445.97
  210.71,   335.60,   571.13
  209.05,   337.61,   696.39
  215.89,   458.31,   443.71
  214.25,   460.43,   568.93
  212.62,   462.52,   694.44
  334.00,   205.01,   450.08
  332.09,   207.42,   574.98
  330.04,   209.69,   699.91
  337.39,   329.87,   448.21
  335.51,   332.12,   573.32
  333.59,   334.41,   698.33
  340.83,   454.84,   446.22
  339.00,   456.90,   571.42
  337.22,   459.08,   696.40
  459.05,   201.57,   451.67
  457.21,   203.98,   576.67
  454.94,   206.45,   701.87
  462.42,   326.49,   450.32
  460.44,   328.71,   575.35
  458.30,   331.10,   700.13
  465.75,   451.45,   448.55
  463.74,   453.51,   573.65
  461.89,   455.67,   698.10
  210.10,   449.64,   209.60
  210.80,   446.78,   334.04
  211.59,   444.05,   458.83
  212.94,   574.68,   212.28
  213.80,   571.97,   336.95
  214.66,   569.18,   461.75
  215.87,   699.57,   214.73
  216.88,   697.09,   339.93
  217.77,   694.45,   464.96
  335.38,   446.72,   208.39
  335.93,   443.87,   333.46
  336.54,   441.01,   458.74
  338.09,   571.67,   211.09
  338.79,   568.98,   336.12
  339.53,   566.17,   461.35
  340.63,   696.58,   213.70
  341.60,   694.05,   338.70
  342.57,   691.43,   463.77
  460.59,   443.83,   207.28
  461.06,   440.97,   332.86
  461.48,   438.08,   458.46
  463.37,   568.76,   209.97
  463.88,   566.00,   335.34
  464.39,   563.16,   460.87
  465.64,   693.73,   212.80
  466.52,   691.02,   337.65
  467.46,   688.29,   462.76
  211.46,   451.84,   450.70
  211.23,   450.63,   575.98
  211.02,   449.38,   701.53
  208.86,   577.02,   452.10
  208.57,   575.72,   577.19
  208.18,   574.42,   702.48
  206.32,   702.30,   453.81
  205.84,   701.02,   578.66
  205.07,   699.57,   703.30
  336.42,   454.47,   451.77
  336.02,   453.20,   577.00
  335.64,   452.06,   702.01
  333.75,   579.68,   452.79
  333.39,   578.36,   577.97
  332.97,   577.06,   702.90
  331.12,   704.96,   453.73
  330.74,   703.73,   578.72
  330.08,   702.33,   703.53
  461.36,   457.19,   452.67
  460.77,   455.91,   577.78
  460.34,   454.75,   702.24
  458.62,   582.31,   453.41
  458.20,   581.01,   578.59
  457.87,   579.74,   703.18
  456.02,   707.47,   453.76
  455.77,   706.29,   578.90
  455.34,   705.09,   704.00
  448.69,   208.78,   208.29
  448.18,   206.58,   333.14
  447.69,   204.65,   457.98
  450.21,   333.75,   209.95
  449.46,   331.59,   335.31
  448.67,   329.60,   460.64
  451.55,   458.65,   211.68
  450.60,   456.64,   337.26
  449.61,   454.60,   462.87
  573.52,   207.89,   209.15
  573.19,   205.69,   333.86
  572.89,   203.63,   458.68
  575.08,   332.70,   210.79
  574.42,   330.64,   336.08
  573.73,   328.62,   461.27
  576.63,   457.65,   212.42
  575.62,   455.66,   337.99
  574.48,   453.65,   463.48
  698.50,   206.68,   210.02
  698.26,   204.70,   334.83
  698.04,   202.71,   459.73
  699.95,   331.56,   211.79
  699.28,   329.69,   336.65
  698.70,   327.72,   461.58
  701.54,   456.63,   213.57
  700.38,   454.75,   338.56
  699.21,   452.77,   463.51
  449.68,   208.75,   448.81
  446.34,   210.03,   573.79
  442.59,   211.37,   698.92
  446.03,   333.67,   448.41
  442.55,   334.76,   573.44
  438.95,   336.02,   698.20
  442.35,   458.65,   447.55
  438.88,   459.57,   572.66
  435.54,   460.61,   697.17
  574.79,   212.43,   452.10
  571.52,   213.58,   577.14
  567.76,   214.92,   702.39
  570.97,   337.39,   451.65
  567.53,   338.39,   576.61
  564.02,   339.53,   701.34
  567.13,   462.38,   450.79
  563.63,   463.27,   575.80
  560.47,   464.22,   700.20
  699.84,   216.20,   455.67
  696.68,   217.17,   580.69
  693.10,   218.22,   705.82
  695.81,   341.17,   454.50
  692.63,   342.03,   579.49
  689.48,   342.83,   704.46
  691.74,   466.19,   453.45
  688.51,   466.95,   578.42
  685.81,   467.73,   703.28
  449.62,   450.23,   209.14
  450.01,   447.81,   334.71
  450.36,   445.36,   460.31
  447.33,   575.18,   211.43
  447.80,   572.87,   336.77
  448.28,   570.48,   462.27
  444.60,   700.17,   213.84
  445.44,   697.92,   338.69
  446.35,   695.66,   463.78
  574.68,   452.35,   208.59
  575.02,   449.96,   334.15
  575.23,   447.54,   459.63
  572.54,   577.41,   210.88
  572.86,   575.00,   336.20
  573.13,   572.55,   461.66
  569.79,   702.50,   213.39
  570.61,   700.00,   338.13
  571.41,   697.55,   463.23
  699.58,   454.45,   208.46
  699.78,   452.17,   333.44
  699.94,   449.79,   458.39
  697.61,   579.70,   210.78
  697.81,   577.23,   335.72
  697.93,   574.69,   460.74
  695.12,   704.91,   213.21
  695.96,   702.20,   337.96
  696.65,   699.50,   463.03
  448.39,   451.36,   449.84
  445.51,   454.58,   574.90
  442.78,   457.91,   699.36
  447.16,   576.48,   446.10
  444.44,   579.68,   571.21
  441.81,   582.91,   695.78
  446.03,   701.62,   441.97
  443.50,   704.95,   567.01
  440.76,   708.24,   692.00
  573.23,   452.73,   452.43
  570.33,   455.92,   577.40
  567.80,   459.15,   701.78
  572.01,   577.74,   448.74
  569.26,   580.94,   573.83
  566.79,   584.22,   698.41
  571.11,   702.73,   444.66
  568.56,   706.07,   569.83
  565.84,   709.57,   695.03
  697.91,   454.19,   454.45
  695.31,   457.24,   579.40
  693.22,   460.29,   704.26
  696.79,   579.08,   451.12
  694.19,   582.21,   576.18
  691.94,   585.64,   701.24
  696.37,   703.89,   447.73
  693.66,   707.25,   573.04
  690.58,   711.05,   698.43
