pa1-debug-f-auxilliary1.txt
EM distortion factor =     0.0200
EM noise =       0.20
Optical tracker jiggle factor =     0.0100
EM pivot post actual position =   205.86,   209.26,   203.28
EM pivot post est    position =   202.26,   200.64,   208.05
Optical pivot post actual position =   401.83,   400.51,   195.38
Optical pivot post est    position =   401.83,   400.51,   195.38
Cal EM observed - cal EM estimated
  0:    -3.62,    -9.53,     5.90
  1:    -2.16,    -9.35,     2.88
  2:    -0.19,    -3.44,    -0.34
  3:    -5.13,    -1.83,     4.20
  4:    -1.68,    -4.85,     2.10
  5:     0.82,    -5.71,    -0.35
  6:    -5.62,     7.28,     3.87
  7:    -1.49,     0.47,     2.36
  8:     1.44,    -7.72,     0.82
  9:    -2.89,    -1.94,    -3.63
 10:    -1.13,    -4.65,     0.01
 11:     1.16,    -4.50,     2.71
 12:    -5.20,     1.15,    -4.32
 13:    -2.97,    -3.62,    -2.97
 14:    -0.48,    -7.50,    -1.09
 15:    -5.65,     4.07,    -2.29
 16:    -2.87,    -0.81,    -2.98
 17:    -0.60,    -7.11,    -2.36
 18:    -1.88,     4.90,   -10.54
 19:    -0.41,     0.46,    -2.98
 20:     1.47,    -4.22,     3.57
 21:    -3.54,     4.21,    -8.74
 22:    -2.88,    -0.58,    -6.21
 23:    -1.50,    -6.09,    -2.22
 24:    -4.09,     1.77,    -5.21
 25:    -2.90,    -0.51,    -6.20
 26:    -1.82,    -3.77,    -4.86
 27:    -0.31,    -3.98,    -0.26
 28:     0.07,     3.50,    -2.65
 29:    -1.65,     9.74,    -2.77
 30:     0.90,    -5.66,    -0.08
 31:    -0.05,    -3.67,    -1.02
 32:    -4.43,     0.63,     0.67
 33:     1.41,    -6.90,     1.22
 34:     0.49,   -10.43,     1.69
 35:    -4.04,    -7.26,     4.33
 36:     0.85,    -4.92,     2.26
 37:     1.56,    -1.35,     0.76
 38:     0.80,     4.01,    -3.49
 39:    -0.54,    -7.51,    -1.35
 40:    -0.14,    -6.25,     0.19
 41:    -2.22,    -0.56,     2.22
 42:    -0.50,    -6.81,    -2.15
 43:    -0.92,    -8.97,     1.06
 44:    -4.14,    -5.33,     6.78
 45:     1.13,    -4.68,     3.13
 46:     1.82,    -4.44,     2.57
 47:     1.90,    -0.10,    -3.44
 48:    -1.62,    -6.13,    -2.65
 49:    -0.68,    -6.05,     0.50
 50:    -0.73,    -1.00,     2.89
 51:    -1.70,    -3.58,    -4.77
 52:    -1.91,    -5.00,    -0.17
 53:    -3.70,    -3.70,     7.18
 54:    -5.72,     6.88,     3.97
 55:    -1.65,     0.69,     2.48
 56:     1.42,    -7.28,     0.74
 57:    -5.56,    10.06,     5.23
 58:    -2.93,     2.28,     3.97
 59:     0.33,    -7.71,     2.65
 60:    -4.75,     6.13,     7.15
 61:    -4.94,    -0.13,     5.09
 62:    -2.19,    -5.58,     3.14
 63:    -5.84,     3.99,    -2.42
 64:    -3.13,    -0.60,    -3.01
 65:    -0.68,    -7.04,    -2.49
 66:    -3.45,     4.61,     1.63
 67:    -1.32,     1.29,     0.46
 68:     0.02,    -4.09,     0.07
 69:     1.05,     2.81,     5.98
 70:     1.35,     1.79,     5.37
 71:     1.05,    -0.07,     4.41
 72:    -4.26,     2.07,    -5.50
 73:    -3.15,    -0.30,    -6.36
 74:    -1.93,    -3.95,    -5.04
 75:    -1.90,    -0.69,    -1.40
 76:    -0.37,     0.16,    -2.59
 77:    -0.12,    -0.00,    -2.10
 78:     2.77,    -2.37,     1.50
 79:     3.85,     0.97,     3.21
 80:     2.74,     2.94,     4.66
 81:     1.38,    -6.70,     1.02
 82:     0.46,   -10.10,     1.43
 83:    -4.07,    -6.99,     4.38
 84:    -0.04,    -6.78,     2.87
 85:     0.98,   -11.60,     2.94
 86:    -0.32,    -7.96,     4.36
 87:    -2.88,    -5.04,     3.30
 88:     0.84,    -5.74,     1.08
 89:     4.51,    -0.71,    -1.09
 90:    -0.68,    -6.69,    -2.44
 91:    -0.83,    -8.77,     0.55
 92:    -3.81,    -5.08,     6.16
 93:     0.01,    -3.59,     0.28
 94:    -0.52,    -7.24,     1.90
 95:    -2.73,    -6.84,     5.68
 96:     1.06,     0.25,     4.69
 97:     1.01,    -2.45,     2.80
 98:     1.52,    -4.92,     0.41
 99:    -1.96,    -3.81,    -5.16
100:    -1.80,    -5.17,    -0.92
101:    -3.14,    -3.53,     6.00
102:    -0.02,     0.13,    -2.07
103:    -1.05,    -2.30,     0.59
104:    -3.02,    -5.93,     5.61
105:     2.99,     3.01,     4.76
106:     1.58,    -0.11,     4.01
107:     0.92,    -7.29,     1.49
108:    -1.90,     4.38,   -10.04
109:    -0.51,    -0.39,    -2.63
110:     1.19,    -4.88,     3.24
111:    -3.78,     3.97,    -8.64
112:    -3.08,    -0.92,    -6.14
113:    -1.51,    -6.46,    -2.48
114:    -4.40,     1.96,    -5.06
115:    -3.04,    -0.34,    -5.81
116:    -1.64,    -3.95,    -4.58
117:    -2.59,     6.10,    -8.25
118:    -1.30,     0.90,    -2.95
119:    -0.01,    -4.00,     0.83
120:    -1.65,     4.70,    -5.36
121:    -1.95,     0.65,    -5.45
122:    -1.97,    -3.78,    -3.91
123:    -1.30,     1.05,    -2.58
124:    -1.21,     0.08,    -5.27
125:    -1.41,    -1.30,    -5.14
126:    -5.04,     1.64,     0.83
127:    -3.58,    -1.61,    -1.66
128:    -2.36,    -2.38,    -4.97
129:     0.75,     3.21,     3.71
130:     0.08,     0.88,    -1.81
131:    -1.59,    -1.34,    -5.36
132:     3.32,     2.90,     3.65
133:     2.34,     0.97,    -1.25
134:     0.16,    -1.48,    -3.39
135:     1.20,    -4.46,     3.15
136:     1.86,    -4.52,     2.83
137:     1.88,    -0.39,    -2.92
138:    -1.61,    -6.11,    -2.67
139:    -0.65,    -6.38,     0.36
140:    -0.75,    -1.49,     2.77
141:    -1.76,    -3.78,    -4.88
142:    -1.76,    -5.28,    -0.70
143:    -3.51,    -3.98,     6.38
144:    -0.16,    -3.53,     0.44
145:     0.11,    -3.73,    -0.01
146:    -0.12,     0.51,    -3.25
147:    -1.97,    -3.31,    -4.17
148:    -1.82,    -4.30,    -1.59
149:    -1.39,    -1.80,     2.10
150:    -1.37,    -1.11,    -5.39
151:    -1.77,    -3.03,    -1.58
152:    -2.21,    -5.11,     5.52
153:    -2.59,    -2.44,    -4.75
154:    -2.78,    -0.11,    -7.16
155:    -4.05,     3.77,    -5.48
156:    -1.24,    -0.96,    -5.08
157:    -2.96,    -2.32,    -4.92
158:    -3.59,    -2.71,    -0.06
159:     0.55,    -1.02,    -3.30
160:    -1.09,    -4.71,    -1.32
161:    -0.89,    -8.69,     4.08
162:    -4.42,     2.09,    -5.34
163:    -3.07,    -0.43,    -6.01
164:    -1.70,    -3.95,    -4.68
165:    -1.95,    -0.34,    -1.03
166:    -0.12,     0.40,    -1.80
167:     0.28,     0.19,    -1.04
168:     2.78,    -1.82,     2.11
169:     4.23,     1.10,     3.88
170:     3.16,     3.09,     5.59
171:    -1.27,     1.28,    -2.60
172:    -1.16,     0.15,    -5.23
173:    -1.38,    -1.28,    -5.16
174:    -0.63,    -2.62,    -0.94
175:     0.34,    -1.05,    -2.19
176:     0.40,     0.75,    -1.30
177:     0.40,    -4.96,    -1.36
178:     2.12,    -2.43,     1.91
179:     2.47,     0.89,     5.02
180:     3.35,     3.08,     3.92
181:     2.54,     1.13,    -0.99
182:     0.32,    -1.47,    -3.30
183:     0.75,    -0.21,     1.63
184:     0.76,    -2.11,     0.38
185:     0.57,    -3.35,     0.35
186:    -3.99,    -4.84,    -2.10
187:    -2.84,    -6.92,     1.76
188:    -0.55,    -5.94,     3.51
189:    -1.85,    -3.96,    -4.95
190:    -1.77,    -5.43,    -0.60
191:    -3.31,    -3.49,     6.30
192:     0.09,    -0.00,    -1.56
193:    -1.13,    -2.86,     0.99
194:    -3.31,    -6.05,     6.02
195:     2.92,     2.99,     5.15
196:     1.43,    -0.77,     3.80
197:     0.71,    -7.59,     1.30
198:    -1.45,    -1.35,    -5.36
199:    -1.91,    -3.35,    -1.40
200:    -2.24,    -4.62,     5.65
201:     0.23,     0.58,    -1.79
202:    -0.23,    -1.98,     0.71
203:    -0.80,    -7.49,     5.27
204:     2.23,     0.82,     4.52
205:     2.62,    -1.31,     3.33
206:     3.35,    -7.86,     0.07
207:     0.35,    -1.24,    -3.53
208:    -1.55,    -4.81,    -1.48
209:    -1.50,    -8.02,     4.14
210:     0.65,    -3.27,     0.04
211:     1.35,    -6.29,     1.22
212:     3.33,   -10.10,     3.28
213:    -0.35,    -5.93,     3.22
214:     3.71,    -4.99,     0.48
215:     7.94,    -4.81,    -4.27
