27, 125, pa2-debug-b-output1.txt
  196.68,   196.75,   209.51
  390.60,   408.68,   203.99
  100.88,   101.43,    99.56
  104.37,   101.10,   224.75
  107.24,   101.50,   349.30
   99.38,   226.44,   100.07
  102.32,   226.81,   224.35
  104.75,   226.94,   350.04
   97.42,   350.69,    99.83
   99.56,   351.05,   225.07
  102.27,   351.92,   349.91
  225.88,   102.95,    96.70
  229.14,   103.20,   221.82
  231.51,   103.63,   346.99
  223.95,   228.48,    97.26
  227.08,   228.54,   221.56
  229.52,   228.60,   347.32
  222.14,   353.01,    96.98
  225.28,   353.22,   221.97
  227.33,   353.36,   346.55
  351.26,   105.17,    94.62
  353.84,   105.59,   218.76
  356.78,   105.50,   344.09
  349.12,   230.30,    94.18
  351.42,   230.48,   218.74
  355.14,   231.09,   343.83
  346.86,   355.68,    93.92
  349.54,   355.14,   218.95
  352.50,   355.39,   343.90
   98.86,    98.26,   225.79
   98.51,    99.27,   350.68
   97.71,   100.94,   475.98
   98.24,   223.13,   224.63
   97.09,   224.76,   349.30
   96.79,   225.49,   474.81
   97.31,   348.42,   223.68
   96.11,   348.93,   347.91
   95.76,   350.01,   473.27
  223.77,    99.49,   226.07
  223.47,   100.06,   351.38
  222.56,   101.82,   476.63
  223.50,   224.56,   225.76
  222.32,   225.45,   349.96
  221.34,   226.35,   475.61
  222.11,   348.98,   223.93
  221.13,   350.78,   349.28
  220.01,   351.14,   473.94
  349.41,    99.83,   227.34
  348.75,   101.07,   352.85
  347.37,   102.37,   477.54
  348.62,   225.23,   226.26
  347.61,   226.72,   351.61
  346.69,   227.87,   476.47
  346.89,   350.61,   225.72
  345.98,   351.11,   350.16
  345.17,   352.64,   475.25
  101.62,    97.93,   350.71
   99.31,    99.36,   475.76
   95.87,   101.39,   601.42
  104.94,   222.83,   349.08
  102.30,   224.48,   474.42
   99.22,   226.19,   599.06
  108.50,   347.85,   348.46
  105.53,   349.82,   472.73
  102.17,   351.72,   597.64
  227.32,    94.89,   354.57
  223.36,    96.65,   479.34
  220.97,    97.78,   603.92
  230.53,   219.47,   353.08
  227.47,   221.83,   477.73
  223.75,   223.20,   602.39
  233.05,   344.76,   351.33
  230.42,   346.84,   476.05
  226.98,   348.54,   601.21
  351.96,    91.91,   357.57
  348.90,    93.59,   482.22
  345.61,    94.72,   607.10
  355.40,   216.70,   355.59
  352.21,   218.45,   480.42
  349.01,   219.72,   605.75
  358.11,   341.43,   354.82
  355.30,   343.34,   479.55
  351.95,   344.78,   604.16
   99.64,    98.97,   475.53
   96.34,    95.59,   600.26
   93.80,    93.23,   725.65
   96.21,   223.53,   478.22
   92.98,   220.83,   602.99
   90.43,   217.98,   728.36
   92.55,   348.26,   480.55
   90.08,   345.47,   605.35
   86.89,   343.12,   730.88
  224.32,   101.81,   478.45
  221.53,    99.94,   603.59
  218.20,    97.12,   728.81
  220.78,   227.28,   481.45
  218.08,   224.65,   606.58
  215.24,   221.69,   731.02
  217.82,   352.36,   483.25
  214.08,   349.75,   608.40
  211.73,   346.95,   733.08
  349.51,   105.14,   481.68
  346.60,   102.74,   606.80
  343.78,    99.87,   731.93
  345.44,   230.43,   484.18
  342.44,   227.57,   608.91
  339.55,   224.77,   734.30
  342.13,   354.96,   486.81
  339.43,   352.31,   611.99
  336.62,   350.42,   736.51
   98.97,    98.11,   599.72
  100.93,    98.90,   724.52
  102.83,    99.63,   849.95
   98.84,   223.26,   599.11
  101.05,   224.37,   723.98
  103.04,   224.67,   848.78
  100.07,   347.75,   598.27
  101.31,   348.64,   722.90
  103.79,   349.44,   847.81
  223.29,    97.94,   597.45
  225.56,    98.74,   723.10
  227.45,    99.41,   848.17
  224.18,   223.28,   597.07
  226.35,   223.68,   722.30
  227.47,   224.18,   846.77
  224.78,   347.29,   596.04
  226.52,   348.44,   721.24
  228.56,   349.27,   845.84
  348.62,    97.38,   595.60
  350.24,    98.05,   721.10
  352.64,    98.73,   846.05
  348.95,   221.83,   595.10
  351.39,   223.66,   720.42
  352.70,   224.07,   845.29
  349.23,   347.69,   594.36
  351.57,   347.89,   718.67
  353.65,   349.36,   843.83
   98.96,   223.53,    99.43
   99.49,   222.30,   224.43
  100.23,   220.79,   349.57
   95.62,   348.95,   101.60
   95.93,   347.03,   225.74
   96.79,   346.02,   350.67
   92.08,   473.98,   102.55
   92.79,   472.34,   227.78
   93.52,   470.56,   352.92
  224.03,   227.11,    99.17
  224.58,   225.57,   224.03
  225.72,   224.12,   349.27
  220.19,   351.86,   100.67
  220.57,   350.49,   225.40
  222.18,   349.03,   350.19
  217.18,   476.81,   101.74
  217.36,   475.17,   226.62
  218.43,   474.18,   352.36
  348.32,   230.49,    98.14
  349.20,   228.67,   222.72
  350.23,   227.98,   348.32
  345.53,   356.03,    99.62
  346.22,   354.12,   224.52
  347.08,   352.96,   349.49
  341.40,   480.89,   101.10
  343.09,   479.09,   225.71
  343.84,   477.54,   350.76
  100.45,   225.22,   225.87
  100.35,   228.69,   350.40
  100.12,   231.34,   475.15
  101.07,   350.39,   222.39
  100.94,   353.42,   347.17
  100.40,   356.16,   472.74
  101.99,   475.38,   219.05
  101.23,   478.29,   344.13
  101.72,   481.73,   469.68
  224.93,   224.60,   225.80
  224.87,   227.57,   350.37
  224.84,   230.82,   475.33
  226.46,   349.38,   222.51
  225.68,   352.94,   347.73
  225.97,   355.62,   472.19
  226.83,   474.74,   219.87
  226.99,   477.91,   344.86
  226.55,   480.45,   469.52
  349.96,   223.74,   225.76
  350.55,   226.36,   350.84
  349.51,   229.74,   475.71
  351.44,   348.20,   222.74
  350.90,   352.08,   347.91
  350.30,   354.29,   472.82
  351.72,   473.47,   219.54
  351.24,   476.36,   345.03
  351.65,   480.17,   469.89
  101.79,   226.47,   349.84
   99.15,   230.38,   475.08
   96.52,   233.17,   600.19
  104.60,   351.00,   346.55
  102.72,   355.15,   471.69
  100.62,   357.99,   596.70
  107.98,   476.78,   343.14
  106.19,   480.02,   467.98
  103.22,   482.83,   593.37
  226.47,   222.94,   352.32
  224.00,   226.56,   477.51
  221.63,   230.04,   602.31
  229.47,   347.90,   349.17
  227.34,   351.46,   474.05
  224.60,   355.32,   599.04
  232.97,   473.19,   345.71
  230.94,   476.63,   471.26
  228.29,   479.49,   595.77
  351.89,   219.96,   355.14
  349.35,   223.80,   480.32
  346.62,   227.14,   605.26
  355.04,   345.13,   351.35
  352.65,   348.03,   476.45
  350.11,   351.91,   601.48
  358.15,   469.72,   348.04
  356.12,   473.19,   473.71
  353.21,   476.87,   598.65
  100.39,   225.13,   476.35
  100.61,   224.90,   600.90
  100.36,   223.99,   725.94
   97.09,   350.08,   477.26
   97.14,   349.57,   601.92
   96.62,   348.73,   727.07
   93.57,   474.97,   476.99
   93.19,   474.49,   601.90
   92.51,   473.90,   727.20
  225.24,   228.69,   476.50
  225.70,   227.93,   601.84
  224.96,   227.80,   726.72
  221.87,   354.16,   477.07
  222.03,   353.22,   601.85
  220.79,   352.44,   727.71
  218.74,   478.49,   478.08
  218.00,   477.91,   603.17
  217.18,   478.06,   728.08
  350.29,   232.70,   477.01
  349.82,   231.71,   602.12
  350.15,   231.40,   727.60
  346.87,   357.50,   478.01
  346.49,   357.24,   602.53
  346.18,   356.19,   727.81
  343.73,   482.10,   477.96
  342.87,   481.59,   603.36
  342.85,   481.20,   728.10
  101.36,   226.23,   600.39
  103.13,   223.64,   725.22
  103.99,   220.07,   849.72
   99.83,   350.75,   603.29
  100.76,   347.99,   728.10
  102.73,   345.56,   853.02
   98.79,   476.04,   606.02
   99.90,   472.89,   731.22
  101.04,   470.03,   855.90
  226.27,   228.05,   599.56
  228.00,   224.86,   723.67
  228.99,   221.85,   848.64
  225.27,   352.80,   602.13
  225.84,   349.95,   727.34
  226.98,   346.64,   851.73
  223.22,   478.07,   605.13
  224.83,   474.69,   729.63
  225.90,   471.64,   855.00
  351.86,   229.49,   598.04
  352.70,   226.14,   723.10
  354.20,   222.99,   848.13
  349.63,   354.04,   600.51
  351.55,   351.61,   726.31
  352.50,   347.90,   850.88
  348.45,   479.51,   603.94
  349.34,   475.65,   728.89
  350.63,   473.08,   854.21
   99.27,   348.74,    98.61
  101.79,   345.76,   224.09
  105.19,   342.27,   348.64
  100.45,   473.59,   102.92
  104.08,   470.47,   227.60
  106.54,   466.27,   352.41
  101.68,   598.53,   105.76
  105.28,   595.55,   231.36
  108.79,   591.55,   356.04
  224.08,   348.01,    95.70
  226.86,   343.91,   220.86
  230.50,   339.90,   345.58
  225.16,   472.69,    98.91
  228.58,   468.49,   224.13
  232.09,   464.99,   349.50
  227.05,   597.36,   102.71
  229.97,   593.99,   227.52
  233.65,   590.34,   352.80
  348.76,   346.63,    92.37
  352.38,   342.76,   217.24
  355.76,   338.96,   341.77
  350.18,   471.42,    95.83
  353.67,   467.21,   221.06
  356.41,   464.28,   345.93
  351.93,   596.12,    99.32
  354.96,   592.80,   224.40
  358.28,   589.25,   349.06
  101.05,   349.68,   224.74
  101.70,   348.13,   349.48
  102.97,   345.29,   474.52
  102.67,   475.10,   226.88
  103.43,   472.88,   351.86
  105.03,   469.79,   477.02
  104.75,   600.48,   229.46
  105.41,   597.58,   354.44
  106.57,   595.12,   479.42
  225.26,   347.79,   223.69
  226.59,   346.20,   348.61
  227.91,   343.72,   473.90
  227.99,   472.69,   225.90
  229.05,   470.61,   351.06
  230.23,   468.01,   476.14
  229.26,   597.92,   228.35
  231.00,   595.59,   353.15
  231.45,   593.10,   478.70
  350.52,   346.59,   222.28
  352.24,   343.59,   347.90
  352.73,   341.38,   472.54
  352.65,   471.08,   225.40
  353.61,   469.04,   350.09
  354.76,   466.28,   475.10
  354.85,   596.30,   226.94
  355.30,   593.72,   352.35
  356.85,   591.73,   477.16
  100.59,   348.50,   350.55
  103.30,   348.40,   475.24
  105.06,   348.78,   600.82
  103.34,   472.64,   350.20
  106.26,   473.65,   475.17
  108.09,   473.49,   600.05
  106.81,   597.97,   349.56
  109.30,   597.82,   475.18
  111.45,   598.82,   600.11
  224.96,   344.30,   348.41
  227.97,   345.27,   473.46
  230.56,   345.20,   598.25
  228.78,   470.09,   348.15
  231.45,   470.00,   472.90
  233.29,   470.39,   598.20
  232.45,   594.23,   347.38
  234.76,   594.89,   472.50
  236.40,   595.30,   597.18
  350.66,   341.68,   346.27
  352.84,   341.93,   471.26
  354.97,   341.94,   596.21
  353.73,   466.68,   345.55
  355.74,   466.65,   470.56
  358.03,   467.10,   595.14
  356.91,   591.63,   344.96
  359.75,   591.41,   469.83
  361.46,   592.37,   594.90
   99.95,   350.53,   473.76
  103.82,   350.75,   598.92
  106.68,   351.57,   724.07
   99.63,   475.54,   473.34
  103.02,   476.36,   598.63
  106.44,   476.58,   723.59
   99.05,   600.79,   473.13
  102.45,   601.01,   598.87
  105.79,   601.89,   723.82
  224.21,   350.74,   470.34
  228.61,   351.51,   595.79
  231.79,   351.66,   720.26
  223.88,   476.46,   469.83
  228.23,   476.53,   595.00
  231.41,   476.32,   720.10
  223.58,   601.31,   470.40
  227.54,   601.81,   595.21
  231.53,   602.25,   720.23
  349.18,   351.13,   467.32
  353.37,   351.65,   592.33
  356.62,   352.02,   716.64
  349.02,   476.51,   467.05
  352.98,   477.11,   591.10
  356.12,   477.46,   716.74
  349.01,   601.35,   466.23
  352.35,   601.75,   591.77
  356.49,   602.30,   715.80
   98.78,   351.47,   599.37
   99.47,   347.99,   724.85
   99.51,   345.30,   849.63
   95.63,   476.12,   602.88
   95.95,   473.17,   728.01
   96.40,   469.78,   852.70
   92.12,   600.42,   605.09
   92.63,   597.99,   730.83
   93.13,   594.52,   855.60
  223.74,   354.70,   599.17
  223.96,   351.57,   724.31
  224.48,   348.99,   849.52
  220.59,   480.00,   602.49
  220.83,   477.03,   727.03
  221.54,   474.10,   852.27
  216.63,   604.59,   605.33
  217.02,   601.60,   729.94
  217.56,   598.38,   855.26
  349.19,   357.72,   598.74
  349.44,   355.64,   723.74
  349.81,   352.40,   848.96
  344.80,   482.94,   601.86
  345.48,   480.53,   726.45
  346.43,   477.44,   851.29
  341.61,   608.12,   604.62
  342.17,   604.94,   729.08
  343.08,   602.11,   854.12
   98.64,   476.08,    99.60
  100.84,   477.94,   224.43
  102.57,   479.83,   349.00
   98.49,   600.72,    97.48
  100.96,   602.32,   222.33
  102.46,   604.43,   347.36
   99.55,   725.49,    94.86
  100.74,   727.34,   219.55
  102.33,   730.06,   344.97
  223.55,   474.95,    96.79
  225.37,   477.69,   222.68
  227.32,   479.87,   346.97
  224.29,   599.89,    94.81
  225.49,   602.21,   219.79
  227.09,   604.18,   345.37
  224.52,   725.58,    92.91
  225.57,   727.52,   218.46
  227.45,   729.96,   342.62
  348.79,   475.58,    95.59
  350.42,   477.12,   219.93
  352.06,   479.12,   345.77
  349.00,   599.85,    93.57
  350.64,   602.11,   217.88
  352.84,   604.30,   343.66
  349.07,   725.41,    91.26
  350.98,   727.22,   216.18
  352.75,   729.19,   340.98
   99.01,   475.36,   225.65
   97.93,   474.69,   351.28
   96.50,   472.89,   476.08
  101.00,   600.73,   227.50
   99.26,   599.39,   352.39
   98.56,   598.20,   476.83
  102.99,   725.23,   228.50
  101.35,   723.90,   353.48
  100.33,   723.20,   477.91
  223.84,   473.77,   227.26
  223.05,   471.83,   351.86
  221.86,   471.00,   477.18
  225.53,   598.74,   227.87
  224.26,   597.22,   352.58
  223.29,   595.85,   477.64
  227.57,   723.39,   229.50
  226.75,   722.07,   353.94
  225.28,   720.63,   479.46
  348.66,   471.32,   228.28
  347.38,   469.99,   352.90
  346.42,   468.81,   477.30
  350.50,   595.83,   228.72
  349.75,   595.07,   354.18
  348.57,   594.22,   479.29
  352.73,   720.84,   229.97
  351.85,   720.33,   355.71
  351.18,   718.64,   480.63
  100.20,   473.93,   349.24
  103.38,   471.14,   473.81
  106.09,   468.10,   599.03
   99.01,   599.43,   352.10
  101.32,   595.63,   477.34
  104.53,   593.34,   602.18
   97.61,   724.25,   354.86
  100.00,   720.97,   479.91
  102.68,   717.58,   604.48
  225.95,   476.00,   346.11
  228.24,   473.04,   470.61
  231.03,   469.41,   596.39
  224.36,   600.63,   349.42
  226.82,   597.65,   473.84
  229.19,   594.54,   598.52
  222.31,   725.23,   352.03
  225.20,   722.86,   476.94
  227.76,   719.30,   602.13
  350.20,   477.41,   342.96
  353.77,   474.23,   467.98
  355.68,   471.61,   593.10
  349.22,   602.64,   346.18
  351.38,   599.49,   470.84
  354.34,   596.71,   596.16
  347.11,   726.93,   349.37
  349.66,   724.28,   473.82
  352.37,   721.24,   599.10
   99.56,   473.69,   476.68
   98.09,   474.07,   601.84
   98.14,   475.56,   726.45
   97.25,   597.97,   475.62
   95.92,   598.88,   600.90
   95.15,   600.52,   726.01
   94.69,   722.90,   474.87
   94.18,   724.37,   599.78
   93.04,   725.05,   725.02
  224.66,   475.60,   477.01
  223.00,   476.45,   602.92
  222.89,   477.71,   727.23
  221.72,   600.40,   476.16
  221.84,   601.19,   601.27
  220.23,   602.12,   726.93
  219.84,   724.99,   475.90
  219.14,   726.92,   600.85
  218.30,   727.33,   725.60
  348.69,   477.21,   477.98
  348.46,   478.37,   602.84
  347.38,   479.68,   728.63
  346.99,   602.90,   477.12
  345.98,   603.22,   602.19
  345.08,   604.98,   727.15
  344.83,   727.79,   476.20
  344.57,   728.82,   601.20
  343.01,   729.14,   726.40
  100.63,   474.17,   601.78
   98.05,   473.20,   726.03
   95.58,   471.83,   851.79
  102.12,   598.91,   602.67
  100.04,   597.99,   727.48
   98.09,   597.08,   852.56
  104.84,   723.88,   603.41
  101.92,   722.60,   728.85
   99.92,   721.69,   853.02
  225.06,   471.20,   603.49
  222.80,   470.84,   728.75
  220.29,   469.68,   853.66
  227.38,   596.45,   604.61
  225.03,   595.41,   729.60
  222.18,   594.97,   855.18
  229.75,   721.73,   605.87
  227.35,   720.31,   730.53
  225.23,   719.59,   855.77
  350.18,   469.22,   605.94
  347.27,   467.92,   731.14
  345.23,   467.70,   856.20
  352.55,   594.26,   606.83
  350.05,   593.63,   731.93
  347.40,   591.90,   857.17
  354.77,   718.97,   608.02
  352.64,   718.73,   733.19
  349.86,   717.06,   858.03
  101.07,   598.85,   101.38
   99.57,   601.00,   226.16
   99.26,   603.79,   351.36
  103.11,   723.83,    98.45
  102.00,   726.31,   223.83
  101.14,   728.75,   348.74
  106.45,   849.22,    96.47
  105.40,   850.97,   221.37
  104.18,   853.48,   346.47
  225.23,   596.18,   102.37
  224.51,   598.92,   226.43
  224.18,   600.63,   351.60
  228.09,   720.85,    99.20
  227.38,   723.62,   224.63
  226.17,   725.62,   349.13
  230.61,   846.23,    97.56
  230.00,   848.97,   222.05
  229.35,   850.49,   347.18
  350.74,   593.76,   102.74
  349.40,   596.43,   227.45
  348.64,   598.30,   352.79
  352.91,   718.26,   100.87
  352.12,   720.59,   225.75
  350.95,   723.15,   350.60
  356.19,   843.98,    98.69
  355.16,   846.45,   222.96
  354.46,   848.69,   348.36
   98.53,   599.03,   225.79
  101.94,   600.89,   350.92
  104.67,   602.77,   475.22
   98.85,   724.20,   223.50
  101.46,   725.91,   349.34
  104.34,   727.77,   474.17
   98.28,   849.18,   221.94
  101.04,   850.32,   347.61
  103.65,   852.11,   472.52
  224.28,   599.73,   222.90
  226.86,   601.17,   347.80
  229.70,   602.90,   473.29
  223.73,   724.37,   221.18
  226.25,   725.68,   345.74
  228.64,   727.64,   471.00
  223.07,   848.91,   219.70
  226.12,   851.01,   344.31
  228.76,   852.29,   469.50
  348.77,   599.26,   220.49
  351.40,   601.80,   345.24
  354.66,   603.26,   469.78
  348.42,   724.80,   217.94
  351.09,   726.08,   343.10
  354.43,   728.15,   468.46
  348.03,   849.51,   216.85
  351.38,   851.19,   341.89
  353.41,   853.25,   466.57
   98.59,   601.88,   348.94
   98.47,   605.17,   473.57
   98.03,   607.51,   598.81
   95.27,   726.84,   345.51
   94.56,   729.84,   470.35
   94.87,   732.59,   595.78
   91.18,   852.15,   343.51
   91.91,   854.59,   468.45
   91.84,   857.51,   593.18
  223.90,   605.76,   348.23
  223.67,   607.70,   473.66
  222.85,   610.72,   598.20
  219.80,   729.91,   346.15
  219.72,   733.48,   471.33
  220.18,   736.15,   595.71
  216.54,   854.90,   343.59
  216.74,   858.28,   468.39
  216.70,   860.60,   592.90
  348.24,   608.64,   348.65
  347.88,   611.93,   473.24
  347.79,   613.83,   599.04
  345.49,   733.57,   345.51
  345.16,   736.36,   470.58
  344.78,   739.51,   596.13
  341.69,   858.27,   343.42
  341.85,   861.76,   467.69
  341.79,   864.14,   593.45
  100.20,   600.09,   475.79
  100.66,   600.56,   600.26
  100.86,   601.68,   725.61
   96.98,   725.72,   475.12
   96.32,   726.15,   599.98
   97.21,   725.89,   725.42
   92.70,   850.70,   474.48
   93.21,   850.73,   599.67
   93.47,   851.44,   724.49
  225.42,   603.71,   475.20
  225.42,   604.50,   600.55
  226.02,   604.79,   724.74
  221.17,   728.94,   474.86
  221.32,   729.33,   599.47
  221.66,   729.50,   725.17
  218.16,   853.53,   474.61
  217.72,   854.74,   599.70
  218.63,   855.01,   724.49
  349.66,   607.52,   475.20
  350.06,   608.21,   599.79
  350.47,   608.91,   724.57
  346.83,   733.01,   474.70
  347.02,   733.18,   599.30
  347.35,   733.00,   724.20
  342.71,   857.60,   474.47
  343.10,   857.52,   598.94
  343.78,   858.47,   723.99
  101.94,   601.31,   601.24
   98.78,   599.33,   726.33
   94.96,   597.02,   850.76
   98.69,   726.20,   603.04
   95.61,   723.44,   728.20
   93.00,   721.77,   852.75
   96.60,   850.72,   605.33
   93.59,   848.78,   730.13
   90.62,   846.74,   855.06
  226.36,   603.19,   603.76
  223.63,   601.84,   729.50
  220.02,   599.53,   854.55
  224.54,   728.91,   606.63
  220.65,   726.66,   731.60
  218.16,   723.71,   856.53
  221.65,   853.75,   608.71
  218.90,   850.91,   733.51
  215.55,   849.41,   858.63
  351.22,   606.10,   606.86
  348.45,   603.45,   731.76
  345.36,   601.73,   856.95
  349.23,   730.89,   609.91
  345.72,   728.39,   734.37
  342.78,   726.91,   859.76
  346.96,   856.21,   611.47
  343.03,   853.70,   736.23
  340.00,   851.18,   861.03
  226.59,    99.61,    99.05
  223.47,    97.29,   224.45
  220.12,    94.04,   349.77
  224.77,   224.54,   102.80
  221.06,   222.14,   227.05
  217.96,   218.38,   352.51
  222.73,   349.96,   105.40
  218.93,   347.28,   230.31
  216.25,   344.08,   355.17
  351.75,   101.45,   103.22
  347.89,    98.43,   227.58
  344.49,    96.22,   352.90
  349.76,   227.30,   106.19
  345.82,   223.85,   231.33
  342.96,   220.97,   356.16
  347.98,   352.19,   108.77
  343.86,   348.38,   234.36
  340.40,   346.17,   358.62
  476.40,   104.01,   106.09
  473.51,   100.82,   231.50
  469.73,    98.16,   355.99
  475.06,   228.56,   109.36
  471.13,   226.23,   234.80
  467.57,   222.93,   358.88
  472.99,   353.29,   112.76
  468.82,   350.87,   237.29
  465.30,   347.24,   361.98
  227.31,    98.69,   222.98
  228.97,    98.16,   348.05
  230.16,    97.86,   473.18
  225.75,   223.96,   224.27
  227.62,   223.19,   349.00
  229.01,   222.84,   474.00
  224.73,   348.43,   224.32
  226.17,   347.84,   349.83
  227.79,   347.73,   474.66
  351.94,    99.46,   221.46
  353.07,    99.58,   347.20
  354.90,    98.72,   471.80
  351.15,   224.75,   222.49
  352.44,   224.26,   347.57
  354.29,   223.42,   472.29
  349.64,   349.42,   222.93
  350.96,   349.86,   348.01
  352.82,   348.48,   472.96
  476.90,   100.93,   219.72
  478.09,   100.93,   345.49
  480.29,    99.77,   469.87
  476.28,   225.97,   220.38
  477.59,   225.24,   346.06
  478.80,   225.44,   470.29
  474.97,   350.85,   220.86
  476.07,   350.39,   345.76
  477.59,   349.97,   471.12
  223.48,   101.10,   350.67
  223.78,   103.41,   475.34
  223.05,   105.56,   600.61
  222.02,   226.14,   347.48
  221.33,   227.77,   472.60
  221.42,   230.83,   598.23
  220.07,   350.94,   345.06
  219.46,   353.49,   470.59
  219.09,   355.64,   595.34
  349.26,   102.56,   351.07
  348.78,   105.24,   476.16
  347.52,   107.51,   600.46
  347.22,   227.85,   348.35
  346.00,   230.54,   472.87
  345.71,   232.55,   598.14
  345.03,   352.86,   346.03
  344.43,   355.46,   470.34
  343.59,   358.16,   595.32
  473.58,   104.72,   351.00
  473.07,   107.41,   476.53
  472.51,   110.28,   601.36
  471.36,   229.29,   348.72
  470.99,   231.87,   473.65
  470.55,   234.51,   598.96
  469.96,   354.62,   346.28
  469.78,   357.29,   470.59
  468.72,   359.98,   595.98
  225.06,    99.07,   473.74
  221.83,    99.12,   599.37
  218.07,    98.60,   724.09
  225.91,   224.31,   474.73
  222.48,   224.26,   599.59
  219.88,   223.22,   724.94
  227.25,   349.17,   475.14
  224.35,   349.33,   599.76
  220.70,   348.74,   724.81
  350.07,    98.13,   477.81
  346.38,    97.81,   602.88
  343.04,    97.17,   727.80
  350.85,   222.87,   477.82
  347.44,   222.54,   603.12
  344.05,   222.44,   727.49
  352.64,   348.19,   478.01
  349.26,   348.20,   603.10
  345.97,   347.16,   728.34
  474.93,    97.07,   480.56
  471.85,    96.35,   605.54
  467.64,    95.83,   730.36
  475.55,   221.77,   481.54
  473.13,   221.64,   606.46
  469.17,   220.63,   731.42
  476.90,   346.78,   482.00
  474.11,   346.72,   606.53
  470.86,   345.72,   731.83
  226.60,    99.25,   599.71
  224.61,    96.36,   724.69
  221.22,    92.25,   849.45
  223.30,   225.03,   602.80
  221.05,   221.29,   727.61
  218.66,   216.98,   852.62
  220.57,   349.80,   607.02
  218.76,   345.93,   731.64
  216.18,   341.95,   856.86
  351.87,   103.00,   601.51
  349.01,    98.76,   726.50
  346.47,    95.65,   852.15
  348.33,   227.13,   605.76
  346.71,   223.97,   730.53
  343.69,   220.05,   855.45
  346.30,   352.52,   608.76
  343.64,   348.48,   734.49
  341.23,   345.37,   859.38
  476.54,   105.54,   604.69
  473.72,   101.49,   729.07
  471.89,    97.96,   854.67
  473.50,   230.42,   608.32
  471.20,   226.26,   732.79
  468.30,   222.46,   858.33
  471.18,   354.89,   611.99
  467.92,   351.56,   736.89
  465.89,   347.48,   861.25
  226.76,   226.64,    99.39
  224.15,   227.51,   224.54
  221.67,   227.99,   349.37
  223.98,   351.65,    99.30
  221.27,   352.71,   224.14
  218.91,   352.42,   349.03
  220.90,   476.62,    99.16
  218.59,   476.74,   223.84
  215.99,   477.94,   348.66
  351.80,   229.80,   101.85
  348.54,   230.40,   227.62
  346.17,   230.55,   352.04
  348.33,   354.88,   102.00
  346.37,   354.57,   226.80
  343.33,   354.85,   351.56
  346.06,   479.53,   101.87
  343.02,   480.08,   226.18
  341.18,   480.29,   351.51
  476.63,   232.22,   104.60
  474.21,   232.50,   229.41
  471.73,   233.39,   355.02
  473.73,   357.90,   104.83
  470.53,   358.21,   228.97
  468.73,   358.37,   354.77
  470.98,   482.69,   103.63
  467.83,   482.29,   229.49
  465.82,   482.78,   353.90
  227.33,   222.85,   224.23
  225.27,   226.59,   349.72
  223.71,   229.34,   474.49
  228.63,   347.64,   220.85
  226.58,   351.73,   346.31
  225.79,   354.22,   470.44
  229.89,   473.05,   218.05
  228.29,   476.03,   342.53
  227.21,   479.86,   467.91
  352.17,   221.86,   225.59
  350.52,   225.14,   350.84
  348.59,   228.37,   475.27
  353.05,   346.68,   222.83
  352.33,   350.26,   347.14
  350.54,   353.31,   472.39
  354.65,   471.10,   218.79
  353.13,   474.69,   344.50
  352.54,   478.36,   469.02
  477.38,   219.61,   226.77
  475.11,   223.48,   352.24
  474.35,   226.62,   477.31
  478.61,   344.71,   223.89
  477.14,   348.39,   349.19
  475.17,   351.19,   474.10
  480.17,   469.60,   220.86
  478.67,   473.33,   345.99
  477.07,   476.13,   470.78
  224.96,   222.76,   348.90
  227.82,   223.13,   473.97
  230.57,   222.59,   598.75
  221.57,   348.40,   349.74
  224.88,   347.51,   474.79
  228.41,   347.93,   598.83
  218.64,   472.79,   349.48
  221.54,   472.64,   474.38
  225.02,   472.39,   599.03
  350.02,   225.70,   345.97
  352.53,   226.39,   470.51
  356.41,   225.45,   595.79
  346.63,   350.68,   346.52
  350.08,   350.99,   471.50
  352.55,   351.04,   596.55
  343.63,   476.54,   346.02
  346.37,   475.54,   471.22
  349.96,   475.54,   596.59
  474.63,   229.19,   342.67
  477.45,   228.80,   468.02
  481.03,   228.93,   592.56
  471.30,   353.85,   342.99
  475.13,   353.80,   468.29
  477.44,   353.86,   592.80
  468.25,   479.47,   343.38
  471.59,   479.31,   468.13
  474.47,   478.98,   593.64
  224.99,   225.14,   476.74
  223.53,   227.91,   601.38
  221.70,   231.11,   726.62
  227.39,   350.28,   473.48
  225.56,   353.65,   598.84
  223.19,   356.24,   722.83
  228.85,   475.37,   470.32
  226.81,   478.38,   595.24
  225.15,   481.11,   720.33
  350.31,   223.00,   478.61
  348.09,   226.18,   602.95
  346.51,   229.22,   727.75
  352.24,   347.95,   475.03
  350.48,   351.07,   600.24
  348.15,   354.20,   725.51
  354.36,   472.92,   472.22
  352.67,   476.19,   597.45
  350.60,   479.40,   721.71
  475.67,   221.52,   479.80
  473.63,   224.40,   605.22
  472.02,   227.65,   729.93
  476.82,   346.40,   477.13
  475.77,   349.20,   602.09
  473.00,   352.49,   727.12
  478.94,   471.94,   473.87
  477.65,   474.82,   599.26
  475.30,   477.89,   724.19
  224.75,   223.68,   600.59
  226.22,   222.79,   725.19
  226.86,   223.00,   850.80
  225.05,   348.48,   601.36
  226.74,   347.79,   726.45
  226.62,   347.61,   851.19
  225.51,   474.08,   601.72
  226.91,   473.07,   727.37
  227.83,   472.35,   851.98
  350.54,   224.05,   599.94
  351.06,   222.90,   724.37
  351.92,   222.57,   849.24
  350.83,   348.26,   600.12
  350.90,   348.01,   725.40
  351.80,   346.77,   850.03
  350.66,   473.23,   601.27
  351.74,   472.75,   726.26
  352.06,   471.82,   851.58
  474.64,   222.79,   599.29
  476.29,   222.48,   723.61
  476.88,   221.41,   848.51
  475.36,   348.59,   599.47
  476.03,   347.57,   725.06
  476.79,   346.33,   849.42
  475.65,   472.92,   600.25
  476.23,   472.61,   724.99
  477.10,   472.17,   850.01
  225.18,   351.61,    99.47
  222.11,   354.64,   224.87
  218.98,   357.29,   349.79
  225.25,   476.78,    97.30
  222.07,   479.04,   221.73
  218.54,   482.06,   347.02
  224.57,   601.48,    93.95
  222.07,   603.79,   219.38
  219.12,   606.91,   344.07
  351.02,   351.79,   102.60
  347.04,   354.36,   228.00
  343.85,   357.68,   352.85
  350.21,   476.84,   100.04
  346.76,   479.87,   224.74
  343.64,   482.77,   350.24
  349.86,   602.14,    97.11
  346.72,   604.33,   221.98
  343.64,   607.51,   346.99
  475.95,   351.85,   105.86
  472.53,   355.26,   230.70
  469.72,   357.46,   356.14
  475.19,   477.58,   103.71
  472.55,   480.39,   228.65
  468.80,   482.92,   352.67
  475.03,   602.57,   100.43
  472.13,   605.05,   225.93
  468.20,   607.87,   350.68
  224.61,   350.21,   223.35
  225.42,   350.94,   348.75
  225.45,   351.96,   473.56
  222.67,   474.93,   223.14
  223.02,   476.04,   347.46
  224.16,   477.41,   472.71
  221.15,   600.06,   221.90
  221.14,   601.41,   346.89
  221.97,   602.30,   471.72
  349.68,   352.30,   223.24
  350.71,   352.70,   348.04
  350.40,   353.38,   473.70
  347.65,   476.91,   222.46
  348.15,   477.65,   347.34
  348.44,   478.74,   472.64
  345.75,   601.54,   221.86
  346.60,   602.55,   346.81
  346.99,   603.49,   471.65
  475.08,   353.94,   223.15
  474.84,   354.71,   347.79
  476.00,   356.21,   473.03
  473.01,   478.74,   221.54
  473.86,   479.92,   347.19
  473.85,   481.22,   472.31
  471.20,   603.98,   220.76
  471.66,   604.77,   345.75
  472.17,   605.74,   471.21
  222.95,   351.43,   350.80
  222.21,   354.38,   476.27
  221.42,   356.98,   601.01
  220.41,   476.54,   348.03
  219.12,   479.69,   473.07
  218.21,   482.35,   598.66
  216.08,   601.76,   346.14
  215.67,   604.56,   471.19
  214.90,   607.41,   595.24
  348.28,   354.91,   352.43
  347.65,   357.49,   477.35
  346.70,   360.89,   601.49
  345.19,   480.22,   349.23
  343.59,   482.32,   474.34
  342.88,   485.44,   599.59
  341.22,   604.92,   346.30
  340.21,   608.10,   471.72
  339.34,   610.10,   596.11
  473.61,   358.89,   353.10
  472.41,   361.42,   477.73
  470.99,   364.05,   602.93
  470.06,   483.83,   350.29
  468.84,   486.26,   475.35
  468.13,   489.01,   599.89
  466.64,   607.94,   347.77
  465.25,   611.19,   472.19
  464.33,   614.11,   597.56
  224.07,   348.82,   473.36
  224.93,   351.67,   598.95
  224.67,   354.05,   722.96
  220.85,   473.85,   470.65
  220.98,   476.45,   595.56
  221.31,   479.21,   721.37
  217.60,   598.51,   468.57
  217.27,   601.61,   593.51
  217.68,   603.73,   718.80
  349.34,   352.32,   473.41
  349.50,   354.49,   597.66
  349.88,   357.45,   723.40
  346.30,   477.03,   470.58
  346.24,   479.61,   595.23
  346.41,   481.93,   720.09
  341.69,   602.60,   467.85
  342.54,   604.49,   592.91
  342.69,   607.19,   717.69
  474.24,   355.98,   472.62
  474.92,   358.57,   597.54
  474.66,   361.60,   722.52
  470.93,   481.17,   469.89
  471.25,   483.27,   594.81
  471.15,   486.43,   720.14
  467.11,   605.35,   467.46
  467.18,   607.97,   592.29
  467.54,   611.12,   718.06
  224.23,   348.37,   599.44
  221.74,   348.61,   724.53
  219.06,   348.25,   849.47
  222.29,   473.87,   600.10
  218.76,   473.56,   724.93
  216.69,   473.63,   850.04
  219.11,   598.48,   600.32
  216.12,   598.52,   725.23
  213.85,   598.80,   850.00
  349.81,   351.78,   602.50
  346.79,   351.02,   727.88
  344.05,   350.86,   852.72
  346.84,   476.32,   602.27
  344.47,   475.74,   727.17
  341.39,   476.18,   852.80
  344.43,   601.12,   602.43
  341.38,   601.06,   727.77
  339.24,   600.70,   852.49
  473.91,   354.08,   605.19
  472.09,   353.57,   729.80
  469.44,   354.18,   855.57
  472.15,   479.11,   604.81
  468.63,   478.71,   730.11
  466.22,   478.88,   855.29
  469.37,   604.02,   605.71
  465.92,   604.37,   730.80
  463.81,   603.35,   854.89
  225.20,   474.40,    98.48
  223.09,   473.37,   224.24
  220.19,   471.53,   349.07
  228.71,   599.25,   100.76
  225.65,   597.52,   225.05
  223.18,   597.04,   349.81
  231.75,   723.92,   101.73
  229.41,   722.51,   226.73
  226.25,   721.78,   351.32
  350.93,   471.32,   100.89
  348.05,   470.09,   226.06
  345.35,   468.28,   351.14
  353.78,   596.36,   102.68
  350.64,   594.81,   227.95
  348.50,   593.25,   352.76
  356.21,   721.32,   104.29
  353.69,   720.00,   229.59
  351.03,   719.05,   353.98
  475.39,   468.31,   103.94
  472.64,   467.29,   228.35
  470.75,   465.88,   354.00
  478.82,   593.13,   104.95
  476.41,   592.37,   230.34
  473.49,   590.66,   355.52
  480.98,   718.44,   106.99
  478.76,   716.79,   231.62
  476.69,   715.28,   356.47
  223.63,   474.41,   224.17
  220.65,   475.48,   348.80
  216.66,   475.79,   473.50
  226.97,   599.11,   222.29
  222.67,   599.83,   347.61
  219.17,   600.96,   472.50
  229.44,   723.93,   222.08
  225.53,   725.39,   346.48
  221.95,   726.44,   471.34
  349.35,   471.94,   227.07
  344.92,   472.21,   352.19
  341.91,   473.75,   476.90
  351.43,   597.00,   226.90
  348.29,   597.45,   351.40
  344.59,   598.34,   476.14
  354.06,   721.63,   225.61
  350.33,   722.62,   350.97
  347.09,   723.29,   475.74
  474.02,   469.27,   231.22
  470.72,   469.57,   355.87
  466.63,   471.30,   481.27
  476.05,   593.65,   230.52
  473.28,   595.20,   354.98
  469.04,   595.97,   480.21
  478.55,   718.73,   229.46
  475.42,   720.17,   354.54
  471.70,   721.23,   479.59
  224.13,   474.46,   349.82
  227.92,   472.88,   473.97
  231.47,   470.70,   599.45
  227.65,   599.64,   351.41
  231.02,   597.54,   476.26
  234.40,   595.28,   601.44
  230.14,   724.90,   353.84
  234.02,   722.95,   478.09
  237.48,   721.02,   603.08
  349.65,   471.68,   345.82
  352.92,   470.19,   470.52
  356.23,   468.01,   595.82
  352.61,   596.62,   347.72
  356.24,   595.19,   472.97
  359.00,   592.64,   598.19
  354.93,   721.79,   349.98
  358.33,   719.65,   474.81
  362.15,   717.43,   599.28
  474.08,   469.29,   342.14
  478.05,   467.38,   467.82
  481.56,   464.96,   592.02
  476.95,   594.11,   344.38
  480.88,   591.50,   468.97
  483.79,   589.70,   594.28
  479.85,   719.15,   346.33
  483.54,   716.84,   471.46
  487.38,   715.20,   596.26
  223.74,   473.82,   475.19
  226.23,   476.52,   600.56
  228.37,   479.19,   724.67
  223.53,   599.24,   472.39
  226.14,   601.50,   597.50
  228.56,   604.51,   722.18
  223.78,   724.34,   469.57
  226.44,   726.07,   594.95
  228.42,   729.60,   719.37
  348.87,   474.58,   472.98
  351.63,   477.10,   597.43
  353.51,   478.97,   722.22
  348.43,   598.94,   470.17
  350.91,   601.53,   594.74
  353.84,   604.09,   720.37
  349.00,   723.97,   467.00
  351.33,   726.58,   592.83
  353.25,   729.37,   717.49
  474.27,   474.50,   470.53
  476.90,   476.61,   594.79
  478.87,   479.34,   720.12
  473.78,   598.99,   467.48
  475.84,   601.52,   592.32
  478.12,   604.46,   717.13
  473.37,   723.97,   464.73
  476.47,   727.28,   590.37
  478.06,   729.27,   714.80
  224.80,   476.31,   598.52
  226.99,   473.76,   723.16
  229.74,   470.39,   848.65
  224.51,   601.96,   602.58
  227.27,   598.18,   727.07
  229.91,   595.17,   852.08
  225.43,   726.81,   605.20
  227.98,   723.17,   730.02
  231.00,   719.45,   855.81
  349.77,   476.88,   595.68
  352.65,   472.77,   720.77
  355.18,   470.13,   845.83
  349.88,   601.17,   599.74
  352.34,   597.88,   723.90
  355.73,   594.53,   849.24
  349.95,   726.58,   602.71
  352.49,   723.16,   727.42
  355.97,   719.70,   852.30
  474.63,   476.04,   592.72
  477.54,   472.73,   718.22
  479.68,   469.74,   842.95
  474.76,   601.38,   596.68
  477.40,   598.05,   720.98
  479.95,   594.42,   846.03
  474.93,   725.83,   599.62
  477.99,   722.87,   724.68
  480.15,   719.26,   849.58
  223.60,   599.28,    98.62
  222.25,   600.52,   223.71
  220.48,   601.82,   348.45
  221.11,   724.79,    97.23
  220.05,   726.01,   222.22
  218.33,   726.35,   347.49
  219.91,   849.51,    95.46
  218.07,   850.19,   220.47
  216.63,   852.10,   346.20
  348.82,   601.80,    99.54
  346.84,   602.23,   225.30
  344.98,   603.82,   349.75
  346.12,   726.32,    98.37
  344.63,   727.66,   223.79
  343.50,   729.07,   348.49
  344.27,   851.20,    97.76
  342.49,   852.81,   222.18
  341.50,   853.75,   347.50
  473.05,   603.72,   101.54
  471.45,   604.24,   226.53
  469.87,   605.86,   351.74
  471.23,   728.29,    99.87
  469.68,   729.27,   225.57
  468.61,   730.90,   350.64
  469.74,   853.73,    99.09
  468.11,   854.32,   224.39
  465.92,   855.99,   348.72
  226.93,   600.55,   225.05
  226.37,   603.42,   349.40
  226.12,   606.02,   475.28
  224.49,   725.54,   222.34
  224.32,   728.32,   346.87
  223.36,   730.68,   472.54
  221.91,   850.13,   219.97
  221.39,   853.11,   344.83
  220.79,   855.46,   469.46
  351.33,   603.70,   224.49
  351.39,   606.00,   349.70
  351.84,   608.26,   475.41
  348.77,   728.52,   221.95
  349.05,   730.72,   347.12
  348.92,   733.27,   472.37
  346.82,   852.73,   219.97
  346.27,   856.06,   344.49
  346.04,   858.17,   469.33
  476.24,   605.54,   225.10
  476.88,   608.26,   350.22
  476.68,   611.06,   474.65
  473.99,   730.75,   222.79
  474.36,   733.07,   347.91
  473.78,   736.23,   472.22
  471.75,   855.45,   220.12
  471.38,   858.29,   345.30
  470.84,   861.20,   469.96
  223.77,   600.89,   349.56
  226.75,   598.53,   474.17
  228.78,   597.35,   598.64
  222.97,   725.38,   350.89
  226.19,   723.78,   476.05
  228.50,   721.77,   601.01
  222.46,   850.62,   352.86
  225.16,   848.63,   477.94
  227.55,   846.74,   602.66
  348.76,   601.90,   347.01
  351.75,   599.39,   472.03
  354.15,   597.97,   596.58
  348.32,   726.77,   348.68
  350.43,   724.90,   473.77
  352.54,   722.89,   598.72
  347.43,   851.21,   350.89
  349.72,   849.72,   475.95
  352.17,   847.63,   600.03
  473.76,   602.03,   344.96
  476.56,   600.24,   469.80
  478.87,   598.18,   594.69
  473.71,   727.58,   346.24
  475.37,   725.16,   471.26
  477.99,   723.97,   596.00
  472.86,   852.55,   348.68
  474.83,   850.20,   473.28
  477.38,   848.44,   597.73
  225.60,   598.70,   476.86
  223.49,   600.96,   601.42
  221.73,   602.36,   726.03
  228.27,   723.61,   474.62
  226.55,   725.49,   599.53
  225.09,   728.17,   724.87
  230.76,   848.51,   472.45
  228.46,   851.10,   597.82
  227.66,   852.37,   722.80
  350.55,   596.15,   478.58
  348.70,   598.24,   603.38
  346.69,   600.59,   728.02
  352.88,   721.01,   476.60
  351.22,   723.19,   601.53
  349.86,   724.97,   726.35
  355.45,   846.70,   474.81
  353.64,   848.66,   598.85
  352.13,   850.00,   724.02
  474.99,   594.10,   479.41
  473.73,   595.95,   604.96
  472.19,   597.89,   729.82
  478.04,   719.13,   477.99
  476.74,   720.67,   602.49
  474.83,   722.31,   727.66
  480.03,   843.62,   476.38
  478.38,   845.96,   600.83
  477.32,   847.86,   726.29
  225.35,   602.23,   600.31
  224.64,   598.43,   725.45
  225.57,   594.35,   850.64
  226.95,   727.15,   604.34
  226.56,   723.24,   729.33
  227.02,   720.02,   854.43
  228.77,   852.13,   607.63
  228.27,   848.38,   732.62
  228.85,   844.94,   857.23
  349.95,   600.04,   600.33
  350.53,   596.90,   725.95
  350.32,   593.02,   850.56
  351.43,   725.50,   603.57
  351.34,   721.29,   728.70
  351.34,   718.25,   854.20
  353.18,   850.01,   607.23
  353.70,   846.63,   732.62
  353.39,   842.77,   857.42
  475.34,   598.20,   600.02
  475.38,   595.51,   725.29
  475.30,   591.74,   849.85
  477.13,   723.00,   603.62
  477.03,   720.35,   728.53
  476.51,   716.14,   854.10
  478.68,   848.36,   607.75
  478.27,   844.41,   732.42
  478.41,   841.55,   857.42
  350.98,   101.86,   100.44
  348.47,   101.81,   225.76
  346.59,   101.32,   350.26
  352.96,   227.00,   101.12
  350.84,   227.09,   226.04
  349.06,   226.70,   350.58
  354.72,   351.40,   100.83
  352.41,   351.68,   225.70
  351.38,   351.40,   350.70
  475.10,   100.08,   102.43
  473.47,    99.14,   227.68
  472.01,    99.36,   352.75
  477.89,   224.56,   102.37
  475.65,   224.55,   227.33
  473.66,   224.32,   352.55
  479.52,   350.14,   103.30
  477.72,   349.34,   228.39
  476.39,   349.03,   352.78
  600.90,    97.96,   104.15
  599.14,    97.30,   228.73
  596.54,    97.26,   354.18
  602.51,   223.15,   104.91
  600.75,   222.16,   229.53
  598.61,   222.54,   354.14
  604.33,   347.26,   104.56
  602.40,   347.76,   229.39
  601.23,   346.72,   354.38
  347.96,   101.10,   225.81
  345.81,   102.91,   350.77
  344.20,   104.59,   475.89
  351.01,   226.60,   224.33
  348.98,   227.76,   349.53
  345.99,   229.59,   474.14
  353.73,   351.00,   222.18
  350.62,   352.94,   347.42
  348.75,   354.49,   472.45
  473.73,    99.17,   228.29
  470.93,    99.97,   352.77
  468.85,   101.95,   477.89
  476.14,   223.44,   226.83
  473.63,   224.95,   351.68
  471.37,   226.68,   476.22
  478.66,   348.75,   224.74
  475.82,   349.89,   350.00
  473.85,   351.45,   474.97
  598.32,    96.68,   229.92
  595.56,    98.33,   355.42
  593.71,    99.83,   480.50
  600.83,   221.62,   228.59
  598.98,   222.53,   353.49
  596.26,   224.47,   478.93
  603.62,   345.93,   227.61
  601.03,   347.84,   352.55
  598.74,   348.93,   476.81
  349.45,    98.47,   348.64
  347.82,   100.74,   473.14
  347.50,   102.00,   598.45
  348.86,   223.50,   346.59
  348.18,   225.37,   471.47
  346.93,   227.57,   596.04
  349.49,   347.67,   343.74
  347.66,   350.07,   468.45
  347.12,   352.48,   594.08
  474.04,    98.66,   349.32
  473.22,   100.56,   474.27
  472.12,   102.10,   599.64
  474.59,   223.30,   346.64
  473.09,   225.19,   472.61
  472.43,   227.00,   597.29
  473.77,   347.70,   344.96
  472.75,   350.79,   470.12
  472.52,   352.38,   595.27
  599.65,    98.70,   350.45
  598.16,   100.87,   475.54
  596.83,   102.24,   600.19
  599.21,   223.61,   348.14
  597.92,   225.91,   473.08
  597.34,   227.76,   598.48
  599.43,   348.13,   346.03
  598.30,   350.20,   471.06
  596.91,   352.34,   595.78
  348.95,   100.70,   475.07
  351.66,    99.02,   600.31
  354.76,    95.95,   724.68
  350.08,   226.13,   477.44
  352.45,   223.79,   602.04
  355.04,   221.76,   727.41
  349.97,   350.63,   479.34
  352.35,   348.62,   604.05
  355.36,   346.32,   729.83
  474.53,   100.76,   472.17
  476.77,    97.96,   597.05
  479.58,    96.34,   722.18
  474.08,   224.88,   474.92
  477.50,   223.37,   599.69
  479.97,   220.66,   724.58
  475.50,   350.42,   476.92
  477.99,   347.66,   601.58
  480.19,   345.48,   726.87
  598.87,    99.77,   470.05
  601.19,    97.62,   594.55
  604.53,    94.97,   719.50
  599.97,   224.84,   472.46
  602.62,   222.50,   597.14
  605.12,   220.36,   722.22
  600.23,   349.42,   474.04
  602.84,   347.89,   599.02
  605.59,   345.78,   723.68
  348.94,    99.43,   599.97
  352.00,   102.27,   725.04
  354.99,   105.55,   849.99
  352.28,   224.28,   595.93
  355.37,   227.60,   721.28
  357.49,   230.62,   846.23
  356.00,   348.89,   593.24
  358.82,   352.57,   717.57
  361.16,   355.54,   842.90
  474.00,    95.65,   596.77
  476.61,    99.18,   721.95
  479.19,   102.39,   847.51
  477.11,   220.94,   593.76
  480.40,   223.77,   718.43
  482.65,   226.92,   843.90
  480.85,   345.48,   590.66
  483.68,   348.65,   715.24
  485.52,   352.05,   840.77
  598.76,    92.05,   594.23
  601.54,    95.45,   719.63
  604.40,    99.45,   844.17
  602.02,   217.12,   591.71
  605.25,   220.63,   716.59
  607.32,   224.03,   841.26
  605.20,   342.39,   587.87
  608.48,   345.27,   713.24
  610.59,   348.51,   838.00
  350.62,   223.29,    98.52
  352.43,   222.33,   223.56
  353.25,   221.27,   349.14
  352.82,   347.53,    99.74
  353.98,   347.67,   224.73
  356.15,   346.22,   350.01
  355.38,   473.41,   100.51
  356.95,   472.49,   225.80
  357.69,   471.34,   350.72
  476.13,   221.01,    97.27
  476.85,   220.30,   222.48
  478.30,   219.32,   347.81
  477.92,   346.02,    98.37
  478.87,   344.61,   223.01
  481.06,   343.79,   347.94
  480.07,   470.93,    98.66
  481.19,   470.09,   223.78
  482.95,   469.18,   348.66
  600.99,   219.25,    95.63
  602.25,   218.35,   220.81
  603.68,   217.16,   345.48
  603.31,   344.26,    97.06
  604.53,   343.24,   221.29
  605.58,   341.78,   347.12
  605.42,   468.68,    97.74
  606.04,   467.64,   222.66
  608.17,   466.70,   347.53
  352.21,   223.59,   227.25
  350.99,   223.31,   351.88
  350.75,   224.06,   476.62
  352.22,   348.92,   227.17
  351.94,   348.58,   351.83
  350.49,   349.30,   476.58
  352.52,   473.93,   227.13
  351.87,   473.75,   352.00
  350.79,   474.35,   476.94
  477.32,   223.09,   227.20
  476.60,   223.83,   352.19
  476.04,   223.63,   477.86
  477.63,   347.92,   227.12
  476.59,   348.82,   352.01
  475.62,   348.15,   476.89
  477.87,   473.24,   227.45
  476.50,   473.81,   352.00
  475.79,   473.15,   477.62
  602.30,   222.88,   227.87
  601.27,   223.52,   353.07
  600.49,   222.96,   478.45
  601.74,   348.63,   227.92
  601.83,   348.55,   352.84
  600.54,   348.09,   478.14
  602.65,   472.92,   227.56
  601.75,   473.58,   352.63
  601.69,   473.70,   477.97
  348.84,   224.66,   349.49
  349.84,   225.97,   473.90
  349.98,   226.73,   599.69
  348.13,   349.86,   348.48
  348.49,   351.41,   473.19
  349.46,   352.22,   597.56
  347.51,   475.15,   346.99
  348.31,   475.45,   471.53
  349.18,   477.42,   597.03
  473.81,   225.32,   348.45
  474.13,   226.01,   473.03
  474.66,   227.11,   598.22
  472.85,   349.81,   347.26
  473.56,   351.33,   471.78
  475.03,   352.11,   596.76
  472.21,   474.91,   346.12
  473.53,   476.61,   471.04
  474.12,   477.43,   595.70
  599.09,   225.66,   347.50
  598.95,   227.17,   472.63
  600.13,   228.12,   597.92
  598.32,   351.04,   346.90
  599.18,   351.41,   471.25
  600.12,   353.36,   596.46
  597.44,   476.09,   344.96
  597.98,   476.62,   470.53
  599.43,   478.23,   595.55
  350.58,   226.26,   474.73
  350.57,   223.08,   598.99
  351.15,   219.66,   724.63
  352.49,   350.41,   478.05
  353.13,   347.96,   603.10
  354.18,   344.42,   727.36
  355.49,   475.30,   480.81
  355.98,   472.16,   605.43
  355.73,   469.03,   731.31
  475.15,   223.42,   473.95
  475.53,   219.87,   598.89
  475.91,   216.86,   723.83
  477.60,   348.62,   477.02
  478.57,   345.17,   602.27
  478.56,   341.81,   727.30
  480.34,   473.74,   480.77
  480.70,   470.24,   605.27
  481.48,   466.91,   730.14
  600.70,   220.67,   473.65
  601.26,   218.19,   598.15
  601.65,   214.16,   723.37
  603.01,   345.92,   476.25
  603.27,   342.96,   601.79
  603.46,   339.55,   726.67
  604.91,   470.67,   479.39
  605.24,   468.01,   604.35
  606.18,   464.63,   729.70
  348.35,   226.38,   597.62
  347.02,   229.77,   722.63
  346.57,   232.67,   848.15
  349.83,   350.98,   595.01
  349.02,   354.25,   719.86
  347.52,   358.46,   844.82
  350.56,   475.78,   591.46
  350.36,   479.22,   716.50
  348.80,   482.74,   840.78
  472.99,   225.21,   599.16
  472.25,   228.24,   723.72
  471.07,   231.68,   849.44
  474.73,   349.49,   595.61
  473.80,   353.47,   720.88
  472.73,   357.10,   845.22
  476.32,   475.18,   592.27
  475.21,   477.75,   716.80
  473.69,   481.20,   842.39
  598.52,   223.69,   600.03
  596.97,   227.17,   725.23
  596.90,   230.21,   849.50
  599.72,   348.95,   596.89
  598.53,   352.24,   721.62
  597.69,   355.59,   846.45
  601.20,   473.81,   592.96
  600.47,   477.41,   717.96
  598.62,   480.35,   843.02
  349.44,   349.51,    99.91
  347.68,   350.11,   225.30
  346.28,   351.18,   350.75
  348.61,   474.31,    99.71
  347.10,   474.93,   224.97
  345.32,   476.00,   349.32
  347.77,   599.93,    98.89
  346.25,   599.86,   224.47
  344.25,   600.74,   349.53
  475.16,   351.02,   102.32
  473.38,   351.12,   227.39
  471.39,   351.39,   352.57
  474.33,   475.82,   102.08
  471.81,   476.28,   226.36
  469.90,   476.78,   351.94
  472.50,   600.87,   101.39
  471.04,   601.36,   226.53
  468.88,   601.87,   350.97
  600.38,   351.63,   103.86
  597.91,   352.24,   229.05
  595.56,   353.22,   353.84
  598.47,   476.67,   104.07
  596.71,   477.46,   229.03
  595.25,   477.63,   353.35
  598.18,   601.52,   102.74
  595.71,   602.14,   228.47
  593.53,   602.50,   352.95
  348.30,   348.33,   224.12
  350.51,   351.39,   348.83
  353.05,   353.08,   474.44
  350.53,   473.53,   222.40
  352.40,   475.69,   346.84
  355.62,   478.05,   471.86
  352.71,   598.54,   219.68
  355.33,   601.18,   344.68
  357.62,   603.43,   469.72
  473.10,   346.47,   221.72
  475.73,   348.63,   346.42
  477.74,   351.02,   471.42
  475.47,   471.56,   219.30
  478.02,   473.43,   344.49
  480.32,   475.67,   469.10
  476.85,   596.78,   217.63
  479.87,   598.51,   342.60
  482.20,   601.27,   467.68
  598.55,   344.67,   219.92
  600.75,   346.31,   344.08
  602.84,   348.97,   469.12
  600.73,   469.09,   216.87
  602.50,   471.72,   342.10
  605.42,   473.48,   466.70
  602.37,   594.82,   214.73
  605.14,   596.40,   339.58
  606.90,   599.26,   464.38
  350.95,   351.13,   349.17
  353.09,   350.08,   474.36
  355.29,   349.84,   599.60
  348.34,   475.70,   350.73
  351.05,   475.27,   475.18
  352.62,   473.91,   599.94
  345.61,   600.76,   351.34
  348.36,   600.56,   475.98
  350.62,   599.07,   601.26
  476.00,   353.06,   346.69
  478.33,   352.02,   472.13
  480.44,   351.79,   597.19
  473.23,   478.24,   347.75
  476.06,   477.75,   472.54
  477.59,   476.85,   598.33
  471.26,   603.54,   348.61
  473.62,   602.55,   473.58
  475.51,   601.86,   599.05
  600.34,   355.52,   344.94
  603.03,   355.37,   469.70
  604.79,   354.46,   594.90
  598.52,   480.52,   346.13
  600.15,   479.43,   470.42
  602.71,   479.33,   595.27
  595.57,   606.03,   346.55
  598.67,   605.04,   471.29
  600.20,   604.08,   596.57
  349.66,   350.91,   475.87
  347.73,   353.25,   600.35
  345.85,   356.21,   724.80
  353.99,   475.03,   473.00
  351.24,   478.16,   597.28
  348.60,   480.94,   722.81
  356.99,   600.44,   470.13
  355.18,   603.71,   594.34
  352.31,   606.57,   719.36
  475.42,   346.84,   477.40
  473.00,   349.93,   602.89
  470.18,   352.52,   727.21
  478.13,   471.98,   475.14
  475.78,   474.56,   600.33
  473.82,   478.16,   725.08
  482.29,   596.66,   471.89
  479.93,   600.35,   596.97
  477.79,   603.25,   722.36
  599.44,   343.29,   480.44
  597.73,   346.79,   605.22
  595.58,   349.24,   729.80
  603.92,   469.01,   477.23
  601.16,   471.13,   602.35
  599.33,   474.11,   727.11
  606.64,   593.30,   474.66
  604.51,   596.54,   599.61
  602.24,   599.15,   723.92
  349.42,   348.38,   600.77
  348.60,   345.14,   725.95
  347.31,   342.38,   850.24
  350.54,   473.26,   604.06
  349.47,   470.59,   728.33
  348.81,   467.67,   853.66
  351.61,   598.26,   607.19
  351.16,   595.60,   732.06
  350.23,   591.79,   856.30
  475.08,   346.92,   601.57
  473.51,   343.92,   726.76
  472.18,   341.36,   851.07
  476.08,   472.63,   604.95
  474.64,   468.94,   729.26
  473.55,   466.19,   854.26
  476.93,   597.04,   607.53
  475.53,   593.66,   732.88
  474.40,   590.86,   857.49
  599.93,   346.67,   602.63
  598.93,   342.93,   727.29
  597.27,   339.88,   852.92
  601.26,   470.85,   605.71
  599.20,   468.06,   730.22
  598.71,   464.50,   855.86
  601.82,   596.58,   608.77
  601.24,   593.18,   733.75
  599.71,   590.32,   858.87
  349.65,   475.23,   101.08
  348.82,   472.51,   225.36
  347.14,   469.92,   350.35
  348.43,   600.08,   103.57
  346.39,   597.63,   228.40
  345.63,   594.91,   353.66
  346.42,   725.20,   106.17
  345.51,   722.64,   230.76
  343.89,   719.82,   356.17
  475.01,   477.53,   101.88
  473.27,   474.70,   227.73
  471.90,   471.93,   352.54
  473.34,   602.08,   105.30
  471.82,   599.32,   229.94
  470.60,   596.85,   354.47
  471.04,   727.45,   107.27
  469.70,   724.03,   232.05
  468.77,   722.01,   357.14
  600.40,   478.91,   104.22
  598.71,   475.88,   228.66
  597.34,   473.48,   353.78
  598.52,   603.40,   106.09
  597.06,   601.69,   231.18
  595.40,   598.50,   356.22
  596.53,   728.58,   108.87
  595.19,   726.62,   234.38
  593.99,   723.77,   359.39
  348.97,   475.10,   225.47
  349.52,   473.04,   350.58
  350.20,   470.11,   474.97
  348.23,   600.22,   228.14
  349.78,   597.08,   353.25
  350.31,   595.05,   478.14
  347.69,   725.34,   231.15
  349.02,   722.38,   355.49
  350.35,   719.65,   480.79
  473.61,   475.84,   224.69
  474.75,   473.09,   349.25
  475.33,   470.32,   474.20
  473.15,   600.75,   227.37
  474.07,   597.97,   352.53
  475.21,   594.99,   477.37
  473.15,   725.49,   229.98
  473.82,   722.87,   354.93
  475.18,   720.17,   480.49
  598.58,   475.66,   223.51
  599.69,   473.63,   348.63
  600.59,   470.09,   472.85
  598.79,   600.97,   226.23
  599.80,   598.42,   351.33
  600.19,   595.16,   476.11
  598.46,   726.38,   229.09
  598.97,   723.48,   354.53
  599.68,   720.40,   478.76
  349.13,   475.14,   349.90
  350.04,   477.29,   475.42
  350.68,   479.65,   600.04
  352.59,   600.33,   348.97
  353.66,   601.92,   473.63
  353.63,   603.86,   598.46
  356.38,   725.02,   346.71
  356.69,   727.45,   471.66
  357.10,   729.11,   596.85
  474.46,   472.35,   349.47
  474.57,   473.93,   474.37
  475.04,   476.13,   599.33
  477.65,   597.14,   348.23
  478.28,   598.45,   472.70
  478.69,   600.72,   598.02
  481.24,   721.99,   345.69
  481.25,   724.15,   471.00
  482.20,   725.98,   596.15
  599.07,   469.14,   349.48
  600.18,   471.09,   473.74
  600.50,   472.51,   599.08
  602.77,   593.52,   347.35
  603.36,   595.74,   472.18
  603.88,   597.13,   597.13
  605.72,   718.38,   346.02
  606.77,   720.77,   470.39
  607.54,   721.97,   595.52
  350.67,   473.65,   476.00
  348.71,   472.74,   601.40
  346.97,   471.88,   726.38
  353.16,   598.83,   477.33
  350.60,   597.73,   602.31
  349.08,   596.59,   727.32
  355.51,   723.39,   478.64
  353.37,   722.67,   603.30
  351.44,   721.26,   728.26
  476.35,   472.07,   478.92
  473.47,   470.93,   603.33
  471.20,   469.55,   727.95
  478.11,   596.39,   479.70
  475.94,   595.60,   604.25
  473.33,   594.52,   729.98
  479.92,   721.66,   480.48
  478.59,   720.20,   605.64
  476.36,   719.49,   730.37
  601.05,   469.21,   480.56
  598.93,   468.56,   606.12
  596.61,   467.56,   730.35
  602.82,   594.99,   481.40
  600.46,   593.22,   607.15
  598.98,   592.32,   732.15
  604.90,   719.89,   483.26
  602.94,   718.87,   607.86
  600.38,   717.30,   732.90
  351.38,   473.13,   600.67
  354.96,   471.47,   725.59
  358.38,   469.24,   850.46
  355.06,   598.00,   602.27
  358.66,   595.98,   727.35
  361.94,   594.95,   851.99
  357.94,   723.11,   604.12
  361.54,   721.29,   728.88
  365.45,   719.37,   853.35
  475.99,   469.62,   597.02
  480.44,   468.36,   722.17
  483.51,   466.56,   846.92
  479.86,   594.74,   598.38
  483.62,   593.35,   723.73
  486.82,   591.92,   848.59
  482.32,   719.91,   600.01
  486.09,   717.70,   725.45
  490.09,   716.62,   850.18
  601.00,   466.64,   593.39
  604.63,   464.87,   718.18
  608.94,   463.45,   842.88
  604.32,   591.58,   594.48
  607.71,   590.52,   719.30
  611.57,   588.12,   844.50
  607.21,   716.64,   596.92
  611.37,   715.38,   720.96
  615.07,   713.61,   846.17
  347.89,   599.36,   100.91
  349.91,   602.20,   226.08
  351.59,   604.52,   350.66
  344.58,   724.29,    98.86
  346.81,   726.93,   223.23
  348.83,   729.81,   348.01
  342.62,   848.90,    96.25
  343.81,   851.91,   220.93
  346.02,   854.27,   346.10
  472.95,   601.94,    99.32
  475.05,   605.32,   224.25
  476.35,   607.68,   348.65
  469.80,   727.53,    96.20
  471.52,   729.96,   220.97
  473.79,   732.32,   345.94
  467.41,   852.37,    93.50
  468.68,   854.80,   218.35
  470.95,   857.93,   343.31
  597.47,   605.18,    97.04
  599.51,   608.26,   222.04
  602.19,   610.59,   347.49
  595.00,   730.33,    94.78
  597.33,   732.51,   219.66
  599.19,   735.81,   344.87
  592.31,   855.18,    92.00
  594.05,   857.52,   216.83
  595.52,   860.43,   341.76
  350.59,   598.93,   224.53
  350.10,   596.04,   349.53
  351.15,   593.83,   473.68
  349.79,   724.10,   227.47
  350.06,   721.62,   352.42
  350.43,   717.91,   476.85
  348.74,   848.97,   229.98
  348.67,   846.02,   355.18
  349.75,   843.32,   480.13
  475.23,   599.94,   224.11
  475.49,   597.22,   349.10
  475.27,   594.27,   474.22
  474.27,   724.62,   226.88
  475.23,   721.37,   352.02
  475.44,   718.75,   477.16
  473.91,   849.81,   229.91
  473.94,   846.71,   354.37
  474.14,   843.67,   479.62
  600.57,   600.25,   223.55
  600.82,   597.19,   348.83
  601.08,   594.97,   473.61
  599.82,   725.08,   227.12
  600.27,   722.93,   351.38
  600.05,   719.83,   476.54
  599.46,   849.87,   229.04
  598.88,   847.46,   354.90
  599.23,   844.38,   479.86
  348.46,   602.34,   349.05
  345.11,   601.15,   474.09
  342.77,   600.44,   598.59
  345.07,   726.95,   349.46
  342.90,   726.43,   474.95
  339.76,   726.08,   600.01
  342.48,   851.81,   349.83
  339.34,   851.31,   475.12
  336.76,   850.86,   600.50
  473.11,   604.73,   351.68
  470.36,   604.03,   477.33
  467.56,   603.26,   601.98
  470.70,   730.19,   352.31
  467.69,   729.01,   477.52
  465.02,   728.07,   602.84
  467.96,   855.02,   353.54
  464.67,   854.46,   478.24
  461.22,   853.32,   602.70
  598.48,   607.79,   355.42
  595.43,   606.60,   480.07
  592.48,   606.33,   605.08
  595.06,   732.99,   355.93
  592.69,   732.24,   480.60
  589.48,   731.30,   605.33
  592.07,   858.04,   355.74
  589.34,   857.09,   481.06
  586.51,   856.33,   605.52
  349.29,   600.60,   473.62
  347.10,   601.64,   598.46
  345.32,   603.55,   723.59
  351.74,   725.15,   472.86
  349.22,   726.81,   597.34
  347.14,   728.46,   722.15
  353.23,   850.66,   471.10
  351.70,   852.02,   595.45
  348.66,   853.34,   720.95
  474.69,   598.43,   476.16
  472.23,   600.10,   600.95
  470.15,   600.98,   726.66
  476.75,   723.47,   474.76
  473.88,   724.46,   599.24
  471.48,   726.11,   725.19
  478.41,   848.23,   473.70
  475.82,   849.91,   598.71
  473.90,   850.94,   723.20
  599.78,   596.74,   478.33
  597.33,   598.14,   603.62
  594.73,   599.41,   728.76
  601.76,   721.53,   476.88
  599.14,   722.38,   601.95
  596.81,   724.05,   726.79
  603.67,   846.36,   475.65
  600.78,   847.89,   600.44
  598.53,   849.71,   725.90
  348.85,   599.92,   600.25
  347.72,   602.28,   724.74
  346.66,   604.21,   850.30
  348.00,   725.06,   598.44
  346.97,   726.64,   723.21
  344.66,   729.10,   847.92
  346.83,   850.08,   596.80
  345.52,   852.47,   721.93
  344.04,   853.65,   846.60
  474.03,   601.31,   601.23
  473.11,   603.60,   726.34
  470.87,   605.40,   851.09
  472.74,   726.92,   599.33
  471.78,   728.41,   724.55
  470.31,   730.24,   849.54
  471.94,   851.73,   598.01
  470.50,   853.31,   722.54
  469.28,   855.08,   847.76
  599.38,   603.07,   602.66
  598.05,   604.48,   727.70
  596.78,   606.68,   853.25
  598.11,   728.15,   601.34
  596.31,   729.38,   726.11
  594.84,   731.06,   851.06
  596.82,   852.39,   598.83
  595.09,   854.25,   723.86
  594.29,   856.83,   849.21
  475.58,   101.32,    99.80
  478.42,   102.13,   224.60
  481.73,   102.61,   349.99
  472.00,   225.70,    99.18
  474.87,   226.94,   224.03
  478.47,   227.79,   349.30
  468.60,   351.63,    98.03
  471.75,   351.84,   223.67
  474.95,   352.56,   348.46
  600.29,   104.64,    96.60
  603.48,   105.82,   221.86
  606.96,   106.21,   346.83
  597.02,   229.16,    95.61
  600.24,   230.66,   220.99
  603.48,   231.28,   346.08
  593.56,   354.58,    95.57
  596.76,   355.32,   219.83
  600.35,   355.90,   344.84
  724.90,   107.66,    92.69
  728.13,   109.08,   218.49
  731.78,   109.49,   343.33
  721.51,   233.40,    92.53
  724.55,   233.31,   217.72
  728.63,   234.34,   342.39
  718.30,   357.95,    91.62
  721.74,   358.97,   216.76
  724.77,   359.00,   341.75
  476.82,   101.83,   226.56
  478.70,    99.23,   351.17
  480.67,    96.83,   476.05
  476.50,   226.78,   228.54
  478.63,   224.41,   352.98
  480.65,   222.52,   478.43
  476.12,   351.20,   230.80
  478.25,   349.01,   355.48
  480.55,   347.26,   480.52
  601.55,   101.29,   223.74
  603.53,    99.38,   348.92
  605.33,    97.82,   474.10
  601.24,   226.75,   226.42
  603.50,   224.25,   351.30
  605.89,   222.06,   476.28
  601.20,   351.94,   228.91
  603.09,   349.09,   353.76
  605.80,   347.43,   478.85
  726.80,   102.02,   221.95
  728.78,   100.10,   346.86
  730.86,    97.88,   472.18
  726.54,   226.65,   224.62
  728.42,   224.84,   349.67
  730.26,   222.40,   474.01
  726.13,   351.94,   226.76
  728.33,   350.07,   352.01
  730.40,   347.65,   476.81
  475.79,    98.71,   349.96
  475.66,   100.10,   475.51
  476.46,   101.54,   599.73
  474.42,   223.89,   349.21
  474.29,   224.44,   473.98
  475.88,   225.69,   598.59
  472.99,   348.05,   347.88
  473.75,   349.66,   472.89
  473.76,   350.77,   598.08
  600.75,    99.39,   349.75
  600.75,   100.50,   474.54
  601.22,   102.06,   599.89
  598.74,   224.76,   348.50
  599.49,   225.71,   473.21
  599.91,   226.86,   598.08
  597.57,   350.03,   347.27
  598.63,   350.42,   471.91
  599.23,   351.92,   597.10
  725.38,   100.62,   348.50
  725.77,   101.84,   473.67
  726.64,   103.02,   598.60
  724.18,   225.75,   347.31
  724.87,   227.51,   472.63
  724.97,   228.36,   597.70
  723.03,   350.51,   346.69
  723.61,   352.40,   471.25
  724.37,   353.38,   596.62
  474.23,   100.76,   474.60
  473.65,   101.23,   599.87
  474.12,   101.48,   724.98
  474.10,   225.96,   474.56
  474.66,   226.53,   599.37
  474.42,   226.43,   724.86
  474.79,   351.43,   474.90
  474.22,   350.73,   599.89
  474.21,   351.39,   724.44
  598.87,   100.93,   474.91
  598.87,   101.30,   599.68
  598.54,   101.22,   724.83
  599.78,   225.42,   474.85
  599.25,   225.53,   600.13
  599.27,   226.04,   724.69
  599.48,   351.11,   474.67
  599.75,   350.69,   599.52
  599.22,   351.17,   724.92
  724.00,   100.06,   475.27
  724.27,   100.27,   599.63
  724.33,   101.12,   725.14
  724.92,   225.66,   474.78
  724.30,   225.71,   600.23
  724.23,   225.97,   725.01
  725.15,   350.71,   474.46
  725.10,   350.52,   599.43
  724.49,   350.98,   724.88
  475.94,   100.07,   599.74
  473.68,   102.39,   723.91
  470.33,   105.79,   849.24
  479.50,   225.10,   596.18
  476.59,   227.95,   720.82
  473.60,   230.98,   846.00
  482.21,   349.62,   592.80
  479.18,   352.27,   717.81
  477.13,   356.20,   843.32
  601.17,    96.90,   602.58
  598.99,    99.69,   726.88
  596.19,   103.14,   852.04
  603.91,   221.91,   598.99
  601.95,   224.45,   724.01
  598.72,   227.73,   849.42
  607.64,   346.78,   595.92
  604.18,   350.05,   721.11
  602.06,   352.60,   846.24
  725.83,    93.51,   605.58
  723.68,    97.10,   729.84
  720.59,    99.81,   855.31
  728.94,   218.57,   602.46
  726.53,   221.78,   726.68
  723.55,   224.70,   852.42
  732.43,   343.61,   598.76
  729.41,   347.13,   723.85
  726.46,   350.31,   848.55
  474.59,   225.52,   100.15
  472.36,   222.51,   225.37
  469.84,   221.17,   349.59
  478.03,   350.22,   102.27
  475.67,   347.78,   226.89
  473.23,   345.64,   352.66
  481.22,   475.43,   104.93
  479.26,   472.69,   229.77
  475.97,   470.83,   354.28
  600.10,   222.29,   102.89
  597.37,   219.23,   227.25
  595.20,   217.46,   352.35
  603.17,   346.42,   104.76
  600.63,   344.24,   229.39
  598.48,   342.02,   354.38
  606.13,   471.31,   106.80
  603.80,   469.85,   231.73
  601.81,   467.17,   356.80
  724.69,   218.21,   104.64
  722.14,   216.00,   229.91
  719.69,   214.04,   355.08
  727.74,   343.23,   106.69
  725.11,   341.28,   231.53
  723.24,   339.10,   357.13
  731.41,   468.94,   109.02
  728.47,   466.49,   234.11
  726.72,   464.25,   358.79
  472.77,   223.08,   225.51
  469.75,   222.07,   350.99
  466.13,   221.04,   475.32
  470.01,   347.84,   227.00
  466.44,   346.97,   352.11
  463.40,   345.61,   477.01
  466.95,   473.48,   227.58
  463.51,   472.11,   352.65
  460.52,   470.25,   478.38
  598.41,   225.75,   229.13
  594.47,   224.89,   354.54
  590.90,   223.82,   479.08
  595.29,   350.75,   230.62
  591.57,   349.47,   355.46
  587.71,   348.56,   480.06
  592.75,   476.02,   231.92
  588.41,   475.26,   356.70
  585.48,   473.49,   481.11
  722.83,   229.04,   232.61
  719.57,   227.75,   358.13
  715.93,   226.61,   482.51
  720.43,   354.27,   233.68
  716.90,   352.95,   358.98
  712.62,   351.62,   483.82
  716.72,   479.35,   235.33
  713.87,   477.85,   360.74
  709.76,   476.32,   485.31
  474.31,   225.65,   349.05
  477.27,   225.87,   474.36
  479.89,   225.91,   599.46
  473.41,   351.00,   349.12
  476.08,   351.00,   473.89
  478.44,   350.48,   598.99
  472.10,   476.43,   349.80
  474.73,   476.03,   474.14
  476.95,   476.14,   599.81
  599.97,   227.69,   346.42
  602.09,   227.80,   471.91
  605.20,   227.07,   596.32
  597.89,   352.89,   346.87
  600.80,   352.58,   471.37
  603.94,   352.53,   597.12
  597.35,   477.95,   346.74
  599.56,   477.12,   472.28
  602.01,   476.98,   597.11
  724.80,   228.49,   343.92
  727.26,   229.20,   469.09
  729.54,   228.94,   594.22
  723.09,   354.16,   343.90
  726.21,   353.95,   469.37
  728.67,   353.96,   593.65
  721.73,   478.54,   343.93
  724.60,   478.26,   469.39
  727.40,   478.22,   594.23
  476.58,   223.51,   474.84
  473.66,   224.25,   599.23
  470.33,   223.60,   724.51
  476.91,   348.39,   474.06
  473.96,   349.22,   599.86
  470.88,   348.73,   724.04
  477.67,   473.40,   474.36
  474.74,   474.26,   598.85
  472.43,   474.15,   724.14
  601.64,   223.26,   477.54
  598.39,   223.21,   602.86
  595.62,   223.64,   727.35
  602.31,   348.04,   477.30
  598.99,   348.50,   602.75
  596.02,   348.00,   727.35
  602.83,   472.69,   477.23
  599.86,   473.71,   601.96
  597.26,   473.33,   727.63
  726.70,   222.82,   480.73
  723.26,   222.98,   605.27
  720.81,   222.14,   730.55
  726.98,   347.11,   480.64
  724.49,   347.47,   605.64
  720.87,   347.26,   730.04
  728.18,   472.90,   480.67
  725.18,   473.03,   605.32
  721.71,   472.38,   730.36
  474.04,   223.75,   598.48
  474.68,   223.67,   723.97
  475.80,   224.24,   848.65
  474.93,   348.29,   598.09
  475.68,   349.48,   723.43
  476.21,   349.25,   848.69
  474.53,   474.19,   598.20
  475.70,   473.73,   723.28
  477.18,   474.03,   847.70
  598.71,   223.67,   597.90
  599.77,   223.01,   722.76
  600.99,   223.68,   847.31
  599.39,   347.84,   597.70
  600.58,   348.18,   722.14
  601.13,   349.24,   847.64
  599.98,   473.02,   596.91
  601.04,   473.45,   722.00
  602.33,   473.65,   846.83
  723.58,   222.84,   596.72
  724.62,   223.08,   722.15
  725.75,   223.30,   846.28
  724.84,   347.81,   596.48
  725.42,   348.28,   721.09
  726.26,   348.09,   846.70
  724.82,   472.61,   596.28
  726.23,   472.49,   721.28
  727.27,   472.94,   845.91
  476.02,   351.50,   101.02
  478.39,   349.46,   225.60
  481.23,   346.86,   350.55
  478.46,   476.23,   102.44
  481.68,   474.57,   227.44
  484.44,   472.62,   352.69
  482.57,   601.12,   104.58
  484.57,   598.97,   229.47
  487.65,   597.45,   354.66
  600.70,   348.43,    97.64
  602.93,   346.54,   223.17
  605.34,   344.15,   347.82
  603.50,   473.46,   100.26
  606.82,   471.05,   224.45
  608.98,   468.81,   350.13
  607.38,   597.77,   101.62
  609.72,   596.05,   227.04
  611.78,   594.22,   351.64
  726.05,   344.62,    95.53
  728.19,   342.49,   220.18
  730.49,   340.95,   344.98
  728.67,   470.25,    97.08
  731.74,   468.07,   222.18
  733.63,   465.98,   347.12
  732.20,   594.72,    99.45
  734.00,   592.77,   223.98
  737.35,   590.55,   348.61
  474.28,   350.17,   223.64
  476.25,   351.20,   348.71
  479.61,   352.34,   473.76
  475.81,   476.00,   222.53
  477.89,   477.01,   347.68
  480.35,   477.48,   472.48
  476.91,   601.05,   222.36
  479.04,   601.76,   347.33
  481.94,   602.67,   472.14
  598.80,   348.68,   221.14
  601.25,   349.83,   345.76
  603.95,   350.60,   471.30
  600.29,   474.13,   219.84
  603.43,   475.45,   345.59
  605.44,   476.55,   470.07
  602.17,   599.21,   219.49
  604.48,   600.46,   343.81
  606.89,   601.53,   469.62
  724.29,   348.01,   218.30
  726.78,   348.54,   343.59
  729.39,   349.85,   468.48
  725.10,   472.40,   217.93
  728.15,   473.48,   343.05
  730.90,   474.87,   467.58
  726.49,   597.27,   217.08
  728.99,   598.52,   341.86
  732.44,   599.33,   466.92
  474.44,   350.76,   351.31
  476.37,   353.72,   476.29
  478.13,   356.50,   600.86
  472.21,   475.17,   348.56
  474.11,   478.10,   473.64
  476.33,   481.52,   598.42
  470.01,   600.13,   345.33
  471.94,   603.75,   470.28
  474.08,   605.61,   595.25
  599.47,   352.77,   349.02
  601.65,   355.65,   474.03
  603.43,   358.46,   599.22
  597.70,   477.91,   346.17
  599.66,   480.56,   471.62
  601.61,   482.53,   596.18
  595.62,   602.00,   343.77
  597.03,   605.52,   468.54
  599.75,   607.71,   593.18
  724.49,   354.80,   347.28
  726.28,   356.86,   472.02
  728.62,   360.11,   597.19
  722.62,   479.33,   343.99
  724.70,   482.12,   469.09
  726.14,   484.88,   593.67
  719.86,   603.86,   341.52
  722.64,   606.90,   465.96
  724.74,   609.79,   591.71
  475.99,   350.65,   474.79
  477.63,   348.13,   600.35
  477.92,   345.73,   724.45
  473.83,   475.71,   477.87
  475.41,   472.67,   602.24
  476.57,   470.76,   727.82
  471.79,   600.39,   480.53
  472.66,   597.94,   605.84
  473.80,   594.92,   730.49
  601.12,   352.52,   474.10
  602.04,   350.35,   598.68
  603.30,   347.54,   723.99
  598.90,   477.92,   477.12
  599.53,   474.93,   601.80
  600.82,   472.44,   726.32
  596.53,   603.04,   479.37
  597.47,   599.99,   604.73
  599.19,   597.34,   729.06
  726.07,   355.62,   472.82
  726.99,   352.66,   597.51
  728.49,   349.79,   723.29
  723.70,   480.51,   475.98
  725.28,   476.96,   600.96
  725.75,   474.23,   725.62
  721.21,   605.53,   478.60
  722.84,   602.82,   603.81
  724.30,   599.69,   728.64
  474.46,   350.19,   598.23
  472.63,   350.11,   723.39
  470.94,   350.78,   848.31
  473.07,   474.84,   597.96
  471.60,   474.84,   723.08
  470.04,   475.72,   847.57
  473.14,   599.53,   597.81
  470.84,   600.54,   722.33
  468.79,   600.42,   847.55
  599.33,   350.77,   600.18
  597.54,   350.76,   725.01
  595.59,   350.94,   850.01
  598.90,   475.91,   600.04
  596.44,   475.74,   725.28
  594.72,   475.50,   849.71
  598.00,   600.82,   599.34
  595.45,   600.52,   724.63
  593.72,   601.47,   849.32
  723.94,   351.22,   601.88
  721.99,   351.94,   726.75
  720.34,   351.73,   851.84
  723.86,   475.90,   601.90
  721.10,   476.60,   726.18
  719.26,   476.60,   851.40
  722.96,   601.60,   601.64
  721.34,   601.69,   725.99
  719.19,   601.33,   851.72
  473.74,   476.51,    98.39
  474.33,   479.67,   222.59
  475.60,   481.92,   348.20
  469.99,   601.99,    95.25
  471.58,   604.47,   220.10
  472.01,   606.64,   345.02
  467.53,   727.16,    92.83
  467.47,   728.93,   217.65
  468.64,   732.10,   342.96
  598.28,   480.60,    97.18
  599.37,   482.65,   221.99
  599.94,   485.72,   346.86
  595.09,   605.36,    94.44
  596.45,   608.27,   219.31
  596.95,   610.31,   344.79
  592.46,   730.17,    91.89
  592.33,   732.80,   216.78
  593.92,   735.61,   342.27
  723.85,   483.89,    96.30
  724.09,   485.72,   221.57
  725.13,   488.99,   346.16
  720.04,   608.72,    93.55
  720.72,   610.99,   218.34
  721.60,   613.45,   343.52
  717.13,   732.93,    90.75
  717.90,   736.26,   215.84
  718.86,   738.98,   341.07
  474.35,   476.53,   226.41
  476.12,   474.50,   350.99
  478.56,   471.04,   476.85
  478.08,   602.34,   228.89
  480.20,   599.07,   354.33
  481.71,   596.53,   479.40
  481.27,   727.00,   232.30
  483.22,   723.54,   357.40
  485.17,   720.94,   481.95
  598.72,   473.41,   224.83
  600.65,   470.70,   349.22
  602.72,   467.80,   473.88
  602.38,   598.49,   227.15
  604.51,   595.15,   352.46
  607.00,   592.54,   477.50
  605.86,   722.80,   230.23
  607.81,   720.76,   354.93
  610.29,   717.21,   479.60
  724.21,   469.49,   222.63
  726.36,   467.23,   346.78
  728.13,   464.16,   472.72
  727.68,   594.95,   225.19
  729.19,   592.36,   350.36
  731.51,   589.51,   474.96
  730.86,   719.94,   228.25
  733.40,   716.64,   352.97
  735.51,   713.64,   478.17
  476.76,   475.75,   351.41
  477.80,   475.38,   476.25
  479.99,   474.31,   601.77
  476.85,   599.95,   351.64
  478.68,   599.47,   476.77
  480.48,   599.01,   602.29
  477.54,   724.91,   352.50
  478.64,   724.64,   477.77
  480.76,   723.95,   602.98
  600.89,   474.62,   349.78
  602.51,   473.87,   474.65
  604.35,   473.92,   599.73
  601.81,   599.52,   350.42
  604.00,   599.21,   475.73
  604.99,   599.08,   600.36
  602.29,   724.88,   350.88
  604.13,   724.57,   475.49
  606.01,   723.71,   601.28
  725.84,   474.79,   348.29
  727.55,   474.07,   473.53
  729.59,   472.82,   597.70
  727.04,   598.97,   348.86
  728.11,   599.27,   473.37
  729.78,   598.44,   598.55
  726.99,   724.03,   349.47
  729.33,   724.15,   474.50
  730.53,   723.77,   599.05
  475.54,   475.32,   474.35
  478.18,   474.77,   599.71
  481.49,   475.43,   724.18
  474.74,   600.37,   474.50
  477.22,   600.25,   599.27
  480.07,   599.51,   724.41
  473.30,   724.84,   474.24
  475.93,   725.53,   599.76
  478.45,   724.84,   724.00
  600.67,   476.77,   471.65
  603.80,   476.23,   596.88
  606.04,   475.89,   722.02
  599.53,   601.79,   472.11
  602.49,   601.25,   596.87
  605.39,   601.64,   721.90
  598.10,   726.23,   472.14
  600.97,   726.60,   597.01
  603.28,   725.98,   721.84
  726.34,   478.12,   468.87
  728.94,   478.06,   593.68
  731.45,   477.88,   718.46
  724.19,   602.77,   468.57
  727.46,   602.97,   594.45
  729.54,   602.85,   718.73
  723.64,   727.77,   468.88
  725.79,   727.42,   593.94
  728.43,   727.26,   719.33
  473.32,   475.68,   598.93
  471.74,   475.45,   723.49
  469.29,   475.29,   849.09
  475.55,   600.50,   599.31
  472.65,   599.68,   723.85
  471.54,   600.22,   849.25
  476.56,   724.97,   600.13
  474.88,   725.21,   724.21
  472.31,   724.84,   849.68
  598.75,   474.28,   601.30
  596.97,   473.76,   725.83
  594.30,   473.03,   851.36
  600.55,   598.81,   601.00
  597.66,   598.85,   726.36
  596.54,   598.35,   851.43
  601.65,   723.58,   601.25
  599.89,   724.02,   726.97
  597.78,   722.87,   851.17
  723.91,   472.29,   602.61
  721.77,   471.74,   728.18
  719.35,   471.74,   852.56
  724.88,   597.37,   603.13
  722.82,   597.18,   728.49
  721.44,   596.29,   853.74
  726.46,   722.70,   603.74
  724.59,   721.71,   728.68
  722.30,   721.27,   853.74
  473.12,   600.30,    99.81
  476.56,   597.77,   225.21
  479.01,   594.82,   349.90
  473.46,   724.51,   102.04
  476.37,   722.76,   227.44
  480.06,   720.02,   352.33
  473.91,   849.87,   104.75
  477.39,   847.55,   230.08
  479.79,   845.20,   355.02
  598.48,   599.67,    97.15
  601.31,   597.03,   221.56
  604.32,   594.97,   346.34
  598.79,   724.43,    98.96
  601.60,   722.05,   224.06
  604.42,   719.25,   348.94
  599.58,   849.84,   102.39
  601.96,   846.65,   226.57
  605.08,   844.59,   351.75
  723.71,   599.84,    94.02
  726.79,   596.42,   219.19
  729.21,   594.17,   343.79
  724.21,   723.93,    96.52
  727.10,   721.39,   221.22
  729.39,   719.17,   346.35
  724.26,   849.12,    98.54
  727.57,   846.53,   223.42
  729.71,   844.75,   349.03
  473.87,   600.14,   224.28
  474.68,   598.05,   349.25
  474.78,   595.53,   473.96
  473.57,   725.48,   226.77
  475.00,   722.97,   350.81
  475.49,   720.80,   476.22
  474.33,   850.34,   228.60
  475.26,   847.95,   354.19
  475.53,   845.36,   478.85
  598.65,   599.83,   223.26
  599.13,   597.25,   347.81
  600.21,   595.27,   473.43
  599.03,   725.22,   225.63
  599.19,   723.17,   350.82
  600.49,   720.05,   475.96
  599.04,   850.16,   228.19
  599.92,   847.63,   353.20
  600.34,   845.24,   477.61
  723.56,   600.28,   222.58
  724.49,   597.07,   347.77
  724.80,   595.14,   472.25
  723.96,   725.34,   224.88
  724.81,   722.86,   349.77
  725.33,   720.35,   474.39
  724.43,   849.62,   227.33
  725.12,   847.40,   352.50
  725.84,   845.30,   476.93
  474.01,   598.73,   349.83
  472.24,   594.77,   474.61
  471.13,   590.94,   599.83
  473.22,   722.92,   353.89
  471.48,   719.25,   478.86
  469.88,   716.13,   603.39
  472.71,   848.49,   357.65
  471.63,   844.86,   482.55
  469.72,   840.92,   606.88
  598.27,   598.50,   351.09
  597.56,   594.73,   476.86
  596.10,   591.85,   600.98
  598.68,   723.44,   355.59
  596.86,   719.83,   479.78
  594.94,   716.58,   605.35
  597.64,   848.64,   358.63
  596.09,   845.09,   483.25
  595.28,   841.14,   608.86
  723.55,   598.54,   353.45
  722.24,   595.30,   477.74
  720.78,   591.53,   602.78
  723.40,   723.82,   356.24
  722.12,   720.21,   481.18
  720.32,   717.00,   606.69
  723.03,   848.93,   360.33
  721.71,   845.72,   485.05
  719.95,   842.00,   610.01
  475.25,   598.52,   474.12
  474.13,   598.89,   598.53
  472.58,   598.50,   724.16
  477.21,   723.40,   473.42
  475.63,   723.69,   598.78
  473.95,   724.11,   723.30
  478.37,   848.39,   473.86
  477.40,   848.16,   598.89
  475.45,   848.96,   723.71
  600.69,   596.69,   474.76
  598.98,   597.57,   600.19
  597.66,   597.01,   725.43
  602.31,   721.91,   475.26
  600.35,   722.07,   600.07
  599.43,   721.89,   724.86
  603.49,   847.03,   475.18
  602.12,   847.17,   600.11
  600.18,   846.84,   725.10
  724.98,   596.11,   476.64
  723.74,   595.77,   601.54
  722.84,   596.33,   726.13
  726.76,   720.44,   476.88
  724.97,   720.40,   601.16
  724.06,   720.82,   726.77
  728.09,   845.49,   476.74
  726.89,   845.24,   601.84
  725.16,   845.62,   725.88
  475.15,   600.63,   600.69
  474.40,   603.50,   726.06
  473.78,   606.88,   850.86
  474.40,   725.89,   598.20
  474.13,   729.09,   723.00
  473.75,   732.36,   847.79
  474.51,   850.73,   594.26
  474.71,   853.82,   720.15
  474.31,   857.32,   844.27
  599.94,   600.28,   601.31
  599.47,   603.55,   726.57
  598.56,   606.75,   850.82
  600.08,   726.07,   598.76
  599.84,   729.01,   723.02
  598.84,   732.32,   848.45
  599.39,   850.59,   595.39
  599.18,   853.40,   720.21
  599.10,   856.83,   844.72
  724.90,   600.49,   601.40
  724.86,   603.38,   726.81
  724.28,   607.37,   851.59
  725.11,   726.13,   598.35
  724.62,   728.30,   723.28
  723.63,   731.72,   848.31
  724.76,   850.29,   595.25
  724.12,   854.22,   720.31
  723.61,   856.58,   845.08
  599.36,   100.50,   100.35
  596.67,   100.23,   225.85
  594.36,   101.16,   350.74
  597.12,   225.35,   100.49
  594.21,   225.20,   225.34
  592.64,   225.92,   349.95
  594.20,   350.03,    99.55
  591.75,   350.76,   224.20
  589.77,   350.95,   349.85
  724.55,   102.66,   102.49
  722.38,   103.27,   227.95
  719.90,   103.18,   352.44
  721.65,   228.01,   102.19
  719.51,   227.61,   227.71
  717.02,   228.11,   352.62
  718.87,   352.09,   101.91
  717.00,   352.93,   226.65
  714.76,   353.52,   352.25
  849.52,   105.47,   104.98
  847.31,   105.64,   229.77
  844.54,   105.76,   354.61
  846.66,   230.44,   104.60
  844.14,   229.98,   229.46
  841.91,   230.83,   354.43
  844.10,   354.67,   104.51
  841.94,   355.51,   229.46
  839.33,   355.26,   354.60
  598.97,    99.18,   225.55
  598.34,   101.00,   350.26
  596.72,   102.67,   475.42
  599.00,   223.52,   223.66
  597.12,   226.12,   348.22
  596.77,   227.35,   473.44
  597.93,   348.46,   220.98
  597.49,   350.87,   346.02
  595.56,   353.19,   471.03
  723.92,    99.01,   226.55
  723.23,   101.70,   351.22
  721.49,   103.66,   476.62
  723.86,   224.19,   224.79
  722.81,   226.26,   349.68
  721.66,   228.43,   473.84
  723.19,   349.01,   222.29
  722.19,   351.27,   346.97
  721.04,   353.44,   472.67
  848.83,   100.17,   227.26
  848.19,   101.45,   352.24
  846.81,   103.51,   477.37
  848.27,   224.34,   225.45
  847.67,   226.96,   350.48
  846.13,   228.33,   475.54
  847.99,   350.00,   223.91
  847.13,   352.03,   348.12
  846.03,   353.46,   473.17
  600.94,   102.14,   347.70
  600.20,   100.84,   472.70
  599.61,   100.47,   597.72
  601.04,   227.16,   348.52
  599.83,   226.25,   474.42
  599.77,   225.40,   599.14
  600.70,   351.87,   349.66
  599.99,   351.12,   474.40
  599.30,   350.01,   600.03
  726.27,   101.82,   349.03
  725.22,   101.34,   474.22
  724.75,   100.32,   599.02
  726.31,   226.89,   349.38
  724.99,   225.50,   474.36
  724.55,   225.59,   599.47
  725.50,   351.59,   350.55
  724.99,   351.24,   475.80
  724.85,   350.40,   600.07
  851.16,   101.38,   349.55
  849.64,   101.32,   474.75
  849.75,    99.74,   599.05
  851.27,   227.11,   350.61
  850.39,   225.94,   475.40
  849.46,   225.06,   600.29
  850.47,   351.30,   351.54
  849.95,   350.69,   475.64
  849.14,   349.72,   601.09
  601.08,    99.99,   473.71
  603.62,   103.34,   599.26
  606.65,   106.35,   723.45
  598.12,   225.37,   470.59
  600.60,   228.50,   595.59
  603.40,   231.54,   721.04
  595.42,   349.65,   467.54
  598.45,   353.24,   592.37
  600.64,   356.15,   717.03
  725.99,   103.11,   471.26
  728.84,   106.03,   596.08
  731.78,   109.60,   720.45
  723.13,   228.17,   468.31
  726.03,   230.75,   593.08
  729.14,   234.45,   717.30
  720.67,   353.13,   464.93
  723.15,   356.16,   589.85
  725.57,   358.85,   714.90
  850.67,   106.13,   468.65
  853.99,   108.66,   593.04
  856.80,   112.47,   718.05
  848.63,   230.40,   464.86
  850.97,   233.49,   589.91
  854.12,   237.33,   714.61
  844.83,   355.41,   462.14
  847.62,   358.64,   586.87
  850.96,   361.60,   711.77
  601.72,    99.04,   600.14
  603.53,    97.98,   724.61
  606.39,    97.37,   849.45
  605.32,   224.36,   600.82
  606.52,   222.73,   725.50
  609.29,   222.28,   850.36
  607.63,   348.98,   600.92
  610.46,   348.03,   726.78
  612.60,   347.18,   851.10
  727.07,    95.88,   597.17
  728.39,    94.74,   722.29
  730.45,    94.08,   847.73
  730.07,   220.98,   598.41
  732.00,   220.28,   723.83
  734.21,   219.55,   848.89
  733.26,   345.83,   599.56
  734.75,   344.55,   724.22
  737.00,   344.20,   848.85
  851.34,    92.52,   595.60
  854.13,    91.56,   720.61
  855.51,    90.67,   845.61
  854.90,   217.80,   596.23
  856.51,   216.45,   721.01
  858.89,   216.03,   846.04
  857.83,   343.21,   596.92
  860.04,   341.38,   722.18
  862.32,   340.63,   847.04
  601.56,   227.29,    98.24
  602.65,   227.45,   223.37
  604.81,   227.18,   348.85
  601.39,   351.95,    98.02
  602.98,   352.03,   223.30
  604.68,   352.25,   348.36
  600.67,   476.87,    98.35
  602.75,   476.93,   222.98
  603.76,   477.44,   347.74
  726.24,   227.40,    97.35
  727.75,   227.37,   222.47
  729.64,   227.49,   347.18
  726.50,   352.09,    97.09
  727.65,   352.45,   221.41
  729.27,   352.53,   347.13
  725.25,   477.36,    96.58
  727.53,   477.49,   221.40
  728.80,   478.30,   346.75
  851.23,   228.23,    95.61
  852.98,   227.70,   220.06
  854.56,   228.16,   345.65
  850.69,   352.62,    95.16
  852.67,   352.98,   219.74
  854.48,   353.26,   344.68
  851.04,   477.59,    95.04
  852.19,   478.07,   220.14
  853.91,   477.88,   345.07
  598.92,   226.24,   225.79
  602.34,   229.75,   351.40
  604.32,   233.56,   476.31
  599.74,   350.63,   222.56
  603.05,   355.30,   347.04
  605.17,   358.14,   471.96
  600.99,   475.89,   218.50
  603.80,   480.01,   343.93
  605.79,   483.10,   468.84
  724.67,   225.52,   223.66
  726.66,   228.85,   347.86
  729.35,   233.00,   473.32
  724.92,   350.23,   219.46
  727.53,   354.05,   344.19
  730.24,   357.65,   469.57
  725.43,   475.24,   216.38
  728.15,   479.01,   341.31
  731.37,   482.27,   466.01
  849.27,   224.74,   221.10
  851.63,   228.07,   345.87
  854.99,   231.52,   470.36
  850.09,   349.64,   217.48
  852.78,   352.91,   341.72
  855.49,   357.15,   467.06
  850.49,   473.92,   213.79
  853.36,   478.25,   337.88
  856.26,   481.54,   463.44
  599.02,   223.94,   350.87
  599.96,   220.84,   475.85
  600.07,   218.85,   601.32
  597.11,   348.95,   353.50
  597.42,   346.37,   478.73
  597.68,   343.24,   603.58
  594.83,   473.95,   356.76
  595.34,   470.89,   482.07
  595.13,   468.03,   606.19
  724.20,   226.39,   350.59
  724.59,   222.93,   476.05
  724.44,   221.00,   600.87
  721.73,   350.89,   353.17
  722.64,   348.18,   478.29
  722.25,   345.66,   603.33
  720.17,   476.51,   356.43
  720.81,   472.85,   481.51
  720.30,   470.83,   606.77
  849.09,   228.44,   350.17
  849.36,   225.63,   475.54
  849.94,   222.33,   600.63
  846.60,   353.39,   353.25
  847.47,   350.35,   478.77
  847.25,   347.06,   602.98
  845.29,   478.76,   356.53
  845.06,   475.76,   481.02
  845.38,   472.21,   606.33
  598.52,   224.33,   475.34
  596.44,   226.77,   599.58
  594.96,   229.13,   725.21
  595.67,   349.87,   472.80
  593.97,   352.21,   597.22
  591.38,   353.75,   722.54
  592.99,   474.78,   470.49
  591.04,   477.13,   595.77
  588.49,   479.10,   720.23
  723.53,   227.68,   476.46
  721.16,   229.91,   602.17
  719.46,   232.51,   726.82
  720.38,   352.28,   474.31
  718.81,   355.00,   599.65
  717.05,   357.23,   724.10
  717.27,   477.33,   472.48
  715.57,   479.59,   597.28
  714.10,   482.12,   722.27
  848.65,   230.62,   478.91
  846.62,   232.91,   603.59
  844.25,   235.32,   728.10
  845.68,   355.06,   476.06
  843.00,   357.71,   601.34
  841.23,   360.13,   726.21
  842.63,   479.96,   473.60
  840.47,   482.93,   598.57
  838.99,   484.47,   723.70
  601.18,   226.28,   600.63
  600.61,   229.79,   725.30
  600.77,   233.20,   850.69
  600.43,   350.89,   596.80
  600.23,   354.75,   722.19
  601.06,   358.18,   846.52
  600.46,   475.92,   593.52
  600.71,   479.49,   717.71
  600.88,   483.11,   842.90
  725.53,   226.88,   600.55
  726.31,   229.83,   725.34
  725.81,   233.60,   849.95
  725.10,   351.33,   597.00
  725.44,   355.31,   721.23
  725.89,   358.28,   846.39
  725.38,   476.25,   593.32
  725.62,   480.11,   718.02
  725.09,   483.92,   843.15
  850.56,   226.78,   599.75
  850.57,   230.43,   724.94
  851.27,   233.75,   849.49
  850.57,   351.26,   596.70
  850.27,   355.23,   721.02
  851.00,   358.53,   846.78
  849.85,   476.82,   592.34
  850.51,   479.87,   718.23
  850.86,   484.12,   843.14
  599.31,   349.06,   100.00
  599.92,   352.11,   225.66
  600.72,   354.99,   349.86
  603.09,   473.81,    97.93
  603.50,   476.78,   223.01
  604.39,   479.98,   347.21
  606.36,   599.48,    95.11
  607.77,   601.97,   220.27
  608.09,   604.36,   344.60
  723.88,   345.17,    99.43
  725.36,   348.18,   224.97
  725.24,   350.53,   349.23
  728.36,   470.95,    96.88
  729.03,   473.26,   222.17
  729.10,   475.51,   346.53
  732.07,   595.42,    94.35
  731.99,   597.57,   219.78
  733.07,   600.27,   344.25
  848.89,   342.15,    99.40
  849.45,   344.11,   224.52
  850.85,   346.90,   349.41
  853.05,   467.05,    96.10
  853.55,   468.94,   221.85
  854.73,   472.60,   346.22
  857.03,   591.45,    93.44
  857.57,   594.05,   218.74
  857.82,   597.34,   343.73
  601.79,   350.04,   223.98
  600.73,   352.35,   349.12
  600.59,   355.34,   474.46
  597.96,   474.65,   221.45
  597.95,   477.60,   346.24
  597.08,   479.67,   471.78
  594.53,   599.47,   219.41
  594.77,   601.92,   343.89
  594.29,   605.12,   468.93
  726.23,   353.42,   225.06
  726.27,   355.42,   349.70
  725.73,   358.26,   474.22
  723.13,   478.13,   221.92
  722.26,   480.70,   347.27
  722.32,   483.34,   472.30
  719.87,   602.55,   219.43
  719.70,   605.13,   344.58
  718.60,   608.10,   469.70
  850.91,   355.90,   224.96
  851.28,   358.70,   349.83
  850.07,   361.26,   474.88
  848.02,   481.09,   222.64
  847.39,   483.68,   348.00
  847.24,   485.95,   472.64
  845.13,   605.85,   220.10
  844.04,   608.56,   345.01
  843.40,   610.90,   470.24
  601.64,   352.18,   350.63
  603.44,   351.06,   475.79
  605.54,   349.78,   600.37
  603.30,   477.07,   351.08
  605.02,   475.73,   476.62
  606.23,   475.08,   601.69
  604.47,   602.19,   351.98
  605.72,   600.69,   477.81
  607.29,   599.93,   602.01
  727.37,   350.32,   349.45
  728.71,   350.22,   474.12
  730.68,   349.11,   599.00
  727.62,   475.28,   349.65
  730.29,   474.92,   475.20
  731.50,   473.59,   599.41
  729.04,   600.93,   350.99
  730.78,   599.65,   475.93
  732.39,   599.38,   600.08
  851.93,   349.99,   347.49
  853.86,   349.11,   472.35
  855.85,   348.36,   597.05
  853.28,   474.17,   348.50
  854.97,   473.28,   472.89
  857.07,   472.98,   598.03
  853.77,   599.49,   348.62
  855.92,   598.91,   474.00
  857.32,   597.57,   598.64
  599.59,   350.31,   474.96
  601.02,   354.47,   599.45
  601.45,   357.85,   724.99
  601.28,   475.14,   470.73
  602.07,   479.05,   596.15
  602.66,   482.42,   720.73
  602.28,   600.47,   466.96
  602.85,   604.19,   592.47
  603.75,   607.47,   717.28
  724.79,   349.54,   474.52
  725.36,   352.77,   599.18
  726.41,   356.67,   723.83
  726.37,   474.63,   470.46
  727.02,   478.45,   595.75
  727.15,   481.97,   720.71
  727.30,   599.33,   466.88
  727.67,   602.89,   591.49
  728.21,   606.26,   716.30
  850.25,   347.90,   473.76
  850.21,   352.03,   598.71
  851.54,   355.82,   723.15
  851.24,   472.97,   470.00
  851.51,   476.81,   595.06
  852.59,   480.86,   719.66
  851.76,   598.44,   466.22
  852.79,   602.25,   590.74
  853.71,   605.92,   715.81
  600.80,   349.48,   600.17
  599.85,   346.39,   725.34
  597.88,   343.48,   849.49
  603.70,   474.62,   602.34
  602.82,   471.10,   728.14
  600.62,   468.38,   852.27
  606.78,   599.72,   605.17
  605.23,   596.98,   730.65
  604.24,   594.01,   855.64
  726.08,   346.53,   601.53
  724.52,   343.98,   725.83
  722.96,   341.02,   850.89
  728.94,   471.77,   604.24
  727.37,   468.67,   728.94
  726.24,   466.20,   853.91
  731.32,   596.01,   607.27
  730.74,   593.95,   731.99
  729.27,   590.50,   856.84
  850.63,   343.18,   602.67
  849.45,   340.24,   727.73
  847.79,   338.39,   852.03
  853.79,   468.57,   605.39
  852.52,   465.68,   730.53
  850.99,   462.40,   854.86
  856.88,   593.12,   608.45
  854.90,   590.71,   733.00
  854.03,   588.17,   858.30
  599.65,   476.86,   101.01
  600.49,   478.78,   226.08
  601.19,   481.30,   350.76
  601.30,   601.33,    98.83
  601.76,   604.21,   223.55
  603.35,   606.64,   348.33
  604.07,   726.34,    96.47
  604.38,   729.20,   220.97
  604.55,   731.18,   346.05
  724.59,   473.76,   100.55
  725.04,   476.55,   225.43
  725.89,   479.14,   350.47
  726.98,   599.06,    98.15
  726.71,   602.16,   222.61
  727.43,   604.87,   348.19
  728.16,   723.98,    95.45
  729.01,   727.02,   220.07
  730.28,   729.88,   345.45
  849.18,   472.29,    99.57
  849.77,   474.28,   225.03
  850.91,   476.87,   349.69
  851.10,   596.67,    97.55
  852.25,   599.38,   222.41
  852.50,   602.79,   347.24
  853.10,   722.29,    94.86
  854.64,   724.98,   219.49
  855.16,   727.77,   344.73
  598.69,   473.66,   223.61
  598.40,   473.91,   348.76
  598.70,   473.30,   474.00
  600.45,   598.55,   223.59
  601.15,   598.50,   348.29
  601.58,   598.96,   473.76
  602.25,   722.87,   222.77
  602.69,   723.38,   347.70
  603.55,   724.00,   472.97
  723.19,   471.06,   223.05
  723.99,   471.18,   347.57
  724.62,   471.88,   473.40
  725.62,   595.93,   222.69
  725.83,   596.82,   347.73
  726.45,   596.82,   473.30
  727.48,   720.85,   222.28
  727.76,   721.22,   348.05
  728.61,   721.67,   472.37
  848.08,   468.63,   222.28
  849.01,   469.65,   347.47
  848.97,   468.88,   472.42
  850.04,   594.39,   222.61
  850.71,   594.18,   347.18
  851.60,   594.06,   472.18
  852.33,   719.41,   221.83
  853.18,   718.87,   347.04
  853.08,   718.84,   472.37
  599.12,   474.91,   351.74
  602.87,   473.17,   475.89
  606.52,   471.69,   600.89
  602.28,   599.69,   352.54
  606.13,   598.65,   477.92
  609.51,   597.38,   602.44
  605.27,   724.98,   353.89
  609.09,   722.81,   479.05
  613.31,   721.36,   603.96
  724.34,   471.49,   347.59
  727.81,   470.39,   472.86
  731.42,   468.61,   597.96
  727.55,   596.75,   349.51
  730.97,   594.78,   473.81
  734.51,   593.77,   599.27
  730.50,   720.84,   350.02
  734.28,   720.21,   475.47
  738.07,   719.11,   599.69
  848.87,   468.63,   343.99
  851.98,   466.64,   469.29
  855.79,   465.65,   593.71
  852.27,   592.90,   345.71
  855.93,   592.04,   470.22
  859.68,   590.57,   595.23
  854.90,   718.41,   346.94
  858.99,   716.52,   471.92
  862.32,   715.12,   596.55
  599.05,   473.38,   475.48
  600.37,   469.82,   600.37
  602.39,   466.82,   726.12
  600.97,   597.68,   479.74
  601.98,   594.78,   604.49
  603.86,   591.32,   728.95
  602.84,   723.00,   482.28
  603.88,   719.27,   607.56
  605.55,   716.62,   732.49
  723.49,   471.15,   474.40
  725.83,   467.89,   599.54
  727.31,   465.03,   724.23
  725.65,   596.01,   477.51
  727.44,   593.47,   602.54
  729.22,   589.67,   727.03
  727.65,   721.37,   481.32
  729.33,   717.61,   606.09
  730.31,   714.48,   731.17
  848.62,   469.40,   472.04
  850.12,   466.08,   597.12
  851.97,   463.24,   721.94
  850.88,   594.89,   476.02
  852.55,   590.73,   600.41
  853.86,   588.17,   725.37
  852.07,   719.77,   479.09
  853.84,   716.38,   603.92
  855.85,   712.87,   729.34
  600.41,   474.16,   598.29
  597.10,   474.13,   723.95
  594.04,   473.97,   848.38
  600.46,   598.27,   597.94
  597.18,   598.54,   723.70
  594.69,   599.73,   848.66
  600.68,   723.97,   597.93
  597.26,   724.02,   723.14
  595.06,   724.46,   848.21
  724.92,   473.49,   601.67
  721.70,   473.86,   726.04
  719.06,   474.33,   851.03
  725.05,   598.22,   601.03
  722.24,   598.63,   726.22
  719.48,   599.43,   850.92
  725.89,   723.77,   600.93
  723.06,   724.16,   725.68
  719.55,   724.34,   850.92
  849.71,   473.25,   604.65
  847.56,   472.95,   729.58
  843.76,   473.95,   853.97
  850.19,   597.93,   603.89
  847.66,   598.49,   729.29
  844.75,   598.55,   853.72
  850.65,   722.97,   603.97
  847.22,   723.68,   728.57
  845.11,   724.15,   853.79
  598.37,   598.35,   100.78
  596.19,   599.10,   225.54
  594.02,   600.35,   350.64
  599.70,   723.52,    99.57
  596.92,   724.67,   224.68
  594.49,   725.26,   349.74
  600.39,   847.88,    98.75
  597.54,   849.10,   223.36
  595.39,   850.67,   348.46
  724.19,   597.70,   103.20
  721.70,   598.94,   228.70
  718.67,   599.77,   352.77
  724.71,   722.41,   101.59
  721.54,   723.94,   226.56
  719.59,   725.20,   352.38
  724.67,   847.62,   100.55
  722.76,   848.26,   225.31
  719.85,   849.95,   351.21
  849.17,   596.88,   105.71
  846.36,   597.71,   230.41
  843.67,   599.86,   355.17
  849.52,   721.85,   104.90
  846.70,   723.47,   229.06
  844.16,   724.37,   354.07
  849.70,   846.75,   102.71
  847.76,   847.93,   228.57
  845.08,   849.20,   353.24
  597.98,   600.82,   226.63
  599.61,   603.55,   351.58
  601.60,   605.80,   476.36
  600.60,   725.63,   223.74
  602.23,   728.77,   348.69
  604.22,   730.55,   473.70
  603.21,   850.53,   221.87
  604.68,   853.17,   346.16
  606.65,   855.31,   471.66
  722.69,   598.62,   224.16
  725.36,   600.55,   349.77
  727.09,   603.59,   474.39
  725.15,   723.56,   221.68
  727.25,   725.94,   347.33
  729.00,   727.84,   472.54
  727.76,   848.60,   219.62
  729.75,   851.03,   344.39
  731.48,   852.88,   469.49
  848.18,   596.06,   222.49
  850.30,   598.82,   347.40
  851.41,   601.35,   472.93
  850.52,   721.33,   219.97
  852.36,   723.85,   345.23
  854.67,   725.94,   470.32
  852.46,   846.54,   217.46
  854.22,   848.57,   342.82
  856.45,   850.70,   467.58
  600.91,   599.15,   351.94
  601.06,   596.48,   476.84
  600.27,   592.85,   601.68
  602.33,   724.06,   354.52
  601.40,   721.11,   479.63
  601.05,   717.78,   604.60
  603.80,   848.51,   357.68
  602.73,   846.27,   482.73
  602.01,   843.50,   607.22
  725.88,   598.09,   352.23
  725.72,   595.50,   477.38
  725.03,   591.97,   601.50
  727.71,   723.16,   355.24
  726.67,   720.33,   480.30
  725.78,   717.04,   604.88
  728.42,   847.71,   357.33
  727.41,   845.45,   483.24
  727.79,   842.36,   607.33
  851.60,   597.18,   352.18
  850.59,   593.65,   477.18
  850.53,   590.97,   602.81
  852.33,   721.72,   355.72
  851.43,   718.65,   479.99
  851.38,   715.99,   605.39
  853.73,   846.68,   358.50
  852.52,   843.52,   483.21
  852.68,   840.57,   608.02
  598.11,   600.59,   475.37
  594.43,   600.18,   600.92
  591.38,   600.54,   725.88
  596.79,   725.61,   475.41
  593.55,   725.04,   600.77
  589.70,   725.22,   725.15
  595.65,   850.16,   475.85
  592.57,   850.54,   600.40
  589.10,   849.78,   724.87
  723.07,   601.21,   479.26
  719.76,   601.77,   603.36
  716.46,   601.66,   728.48
  721.59,   726.49,   478.61
  718.59,   726.90,   603.36
  714.83,   726.26,   729.19
  720.20,   851.52,   479.13
  716.63,   850.98,   603.70
  714.08,   851.86,   728.25
  847.93,   603.12,   482.34
  844.22,   602.60,   607.30
  841.29,   602.80,   732.42
  846.35,   727.50,   482.17
  843.29,   728.04,   607.54
  839.85,   727.70,   732.20
  845.17,   853.09,   482.33
  841.56,   852.67,   606.87
  838.39,   852.88,   732.22
  601.33,   601.46,   600.96
  601.46,   604.29,   726.07
  600.37,   606.53,   851.02
  602.86,   726.26,   598.62
  601.89,   729.68,   723.00
  601.62,   731.74,   848.17
  603.30,   851.20,   595.17
  602.97,   853.97,   720.77
  602.90,   857.27,   845.18
  726.54,   600.03,   601.34
  726.34,   603.25,   726.14
  726.17,   605.50,   851.48
  727.83,   725.61,   598.57
  726.83,   728.33,   723.16
  727.19,   730.50,   848.20
  728.78,   850.59,   595.46
  728.00,   852.96,   720.38
  727.91,   856.00,   845.28
  851.51,   598.92,   601.05
  851.19,   601.50,   726.00
  850.38,   604.33,   851.24
  852.98,   724.68,   599.08
  852.18,   727.08,   723.56
  851.59,   729.31,   848.96
  853.98,   848.87,   595.82
  853.13,   852.02,   720.93
  852.77,   854.44,   845.95
