27, 125, pa2-debug-e-output1.txt
  192.97,   205.18,   190.23
  392.56,   396.65,   209.53
   97.91,   100.20,   100.57
  100.21,    98.67,   224.77
  102.41,    96.82,   349.95
   96.19,   224.49,   102.59
   98.17,   223.36,   227.27
   99.94,   221.67,   351.85
   94.00,   349.60,   104.65
   96.14,   348.04,   230.22
   97.81,   346.69,   354.02
  223.04,   101.42,    97.73
  224.82,   100.48,   222.94
  227.80,    99.76,   347.82
  221.41,   225.99,    99.84
  223.10,   225.02,   225.15
  225.31,   224.75,   349.64
  218.88,   351.73,   102.21
  220.97,   350.29,   228.18
  223.06,   349.77,   351.89
  347.48,   103.86,    96.00
  349.68,   102.72,   220.87
  353.12,   102.71,   345.55
  345.81,   228.84,    98.13
  347.97,   227.77,   223.12
  350.34,   227.64,   346.83
  343.81,   354.31,    99.68
  345.81,   352.95,   224.90
  347.58,   351.51,   348.53
  101.12,   100.53,   224.65
  101.83,   101.35,   349.83
  101.93,   102.62,   475.58
  103.15,   225.16,   224.51
  103.55,   226.24,   349.08
  104.13,   227.87,   475.26
  105.34,   349.88,   224.84
  105.59,   351.35,   348.66
  106.44,   353.04,   472.81
  225.75,    98.23,   224.27
  227.29,   100.14,   349.15
  228.01,   102.00,   474.60
  228.18,   222.75,   223.75
  228.92,   225.14,   348.25
  229.59,   227.19,   473.36
  230.15,   348.02,   224.02
  230.77,   350.12,   347.80
  231.75,   351.82,   471.94
  350.62,    96.31,   223.58
  352.67,    98.92,   348.35
  353.87,   100.98,   473.55
  353.02,   221.37,   223.15
  353.99,   223.91,   346.89
  354.75,   225.76,   471.87
  355.03,   346.54,   222.17
  355.33,   347.75,   345.85
  356.19,   348.39,   470.20
   99.75,    98.00,   348.81
   98.94,    98.93,   474.49
   99.16,   100.61,   599.23
   96.95,   222.85,   348.30
   96.46,   224.06,   474.61
   97.42,   226.38,   598.86
   94.42,   347.80,   348.15
   94.27,   348.99,   472.39
   94.33,   350.42,   597.40
  225.14,   101.26,   349.06
  224.87,   102.79,   474.54
  223.23,   103.07,   599.59
  222.29,   226.23,   348.53
  222.01,   227.96,   473.67
  221.08,   228.17,   599.05
  219.70,   351.26,   348.44
  219.72,   352.73,   472.58
  219.79,   353.19,   598.35
  350.52,   104.61,   349.15
  350.71,   106.39,   474.36
  349.45,   106.38,   600.16
  347.34,   229.47,   348.07
  347.11,   230.96,   473.04
  346.92,   230.51,   599.01
  344.24,   353.36,   347.42
  344.19,   353.75,   471.77
  344.85,   353.58,   597.66
   97.49,    98.27,   476.08
   99.04,    96.44,   600.79
  100.29,    94.69,   725.83
   97.28,   223.46,   479.72
   99.57,   222.30,   603.86
  100.86,   219.51,   728.15
   97.37,   348.47,   480.94
   98.79,   346.44,   606.02
  100.48,   344.02,   731.80
  223.45,    99.87,   474.80
  223.17,    96.67,   599.80
  223.81,    93.53,   724.35
  222.80,   225.07,   477.43
  223.18,   221.77,   602.76
  224.42,   218.12,   727.48
  222.80,   349.82,   479.77
  224.19,   346.72,   605.59
  225.47,   343.01,   731.57
  349.32,   101.14,   473.33
  349.41,    97.69,   599.05
  349.22,    93.43,   724.37
  347.98,   225.90,   475.48
  349.10,   222.01,   601.47
  350.47,   217.14,   727.88
  347.30,   348.61,   477.64
  349.33,   344.95,   603.55
  351.40,   341.40,   730.13
  100.48,    98.79,   598.52
  102.87,    96.68,   723.47
  105.21,    94.38,   849.58
   99.80,   224.59,   601.92
  102.22,   221.50,   726.18
  103.29,   217.26,   850.91
   97.82,   348.71,   604.39
  100.66,   346.01,   730.18
  102.32,   342.13,   854.84
  224.65,   100.31,   596.43
  226.40,    96.73,   720.91
  229.80,    95.25,   847.12
  223.46,   225.37,   599.69
  225.84,   221.38,   724.45
  226.66,   217.30,   849.13
  223.23,   350.31,   602.84
  225.67,   346.27,   728.84
  226.12,   341.65,   852.68
  350.89,   102.65,   594.51
  351.88,    97.96,   719.92
  354.48,    95.04,   845.06
  349.33,   226.82,   597.21
  351.90,   221.67,   723.62
  353.77,   218.12,   849.61
  348.30,   349.75,   599.66
  351.53,   345.89,   726.20
  353.18,   342.82,   851.35
   99.48,   226.09,    99.64
   97.90,   228.20,   224.48
   96.10,   229.70,   348.96
   98.29,   351.27,    98.38
   96.98,   352.90,   224.19
   95.03,   354.69,   347.96
   96.68,   476.48,    97.10
   95.88,   477.74,   223.17
   94.35,   479.86,   346.45
  224.72,   226.57,   100.49
  222.85,   228.79,   225.83
  221.46,   231.69,   350.35
  223.27,   352.36,    99.52
  221.79,   354.06,   225.62
  220.31,   356.71,   349.38
  222.27,   477.99,    98.10
  220.60,   479.34,   224.50
  219.10,   481.35,   347.80
  349.13,   228.31,   102.35
  347.74,   230.48,   227.26
  346.50,   233.48,   351.01
  348.23,   353.81,   100.60
  346.65,   355.64,   225.81
  344.85,   357.35,   349.49
  347.19,   479.12,    98.59
  345.32,   480.91,   223.89
  343.62,   481.83,   347.70
   98.33,   224.61,   226.11
   95.77,   225.83,   350.63
   93.38,   227.61,   476.88
   99.63,   349.30,   226.16
   96.94,   350.86,   349.93
   94.84,   352.61,   474.10
  100.79,   474.17,   225.53
   98.48,   476.06,   348.76
   96.11,   477.91,   472.62
  223.25,   222.99,   228.26
  221.14,   225.62,   352.79
  218.89,   227.87,   477.96
  224.45,   348.26,   228.32
  222.20,   350.66,   352.09
  220.30,   352.67,   476.26
  225.46,   473.55,   227.53
  223.22,   475.30,   350.82
  221.37,   477.02,   474.69
  348.16,   222.48,   230.48
  346.21,   225.28,   354.26
  344.03,   227.29,   479.30
  349.30,   347.61,   229.34
  346.74,   349.11,   353.01
  344.79,   350.06,   477.43
  350.20,   472.86,   227.71
  347.71,   473.49,   351.51
  345.89,   474.03,   476.04
  100.92,   223.08,   348.69
   98.07,   221.04,   474.94
   96.69,   220.11,   599.14
  102.24,   348.15,   351.84
   99.75,   346.13,   476.03
   97.42,   344.22,   601.01
  103.88,   473.33,   354.47
  101.11,   471.37,   478.33
   98.75,   469.00,   603.67
  226.28,   222.65,   351.18
  223.59,   221.08,   476.34
  220.23,   218.00,   601.65
  227.46,   347.66,   354.29
  225.11,   345.81,   478.49
  222.76,   342.96,   604.28
  228.61,   472.28,   356.81
  226.39,   470.15,   480.78
  224.49,   467.46,   606.66
  351.35,   222.11,   353.07
  348.78,   220.38,   478.11
  346.11,   216.64,   604.10
  351.98,   345.89,   355.61
  349.61,   343.04,   480.06
  347.92,   339.61,   606.00
  353.08,   470.17,   357.91
  350.86,   466.86,   482.51
  349.20,   463.86,   608.59
   97.77,   224.50,   476.16
   99.78,   227.74,   600.37
  100.87,   229.42,   724.69
   95.88,   349.44,   472.99
   97.04,   351.84,   598.02
   98.52,   353.94,   723.90
   93.75,   474.62,   471.07
   94.86,   476.59,   596.37
   96.19,   478.45,   722.95
  223.30,   228.04,   474.07
  223.49,   229.21,   599.45
  224.53,   230.00,   724.34
  221.31,   352.78,   472.03
  222.52,   354.20,   597.79
  223.63,   354.93,   723.93
  219.02,   477.15,   470.08
  220.55,   478.70,   595.79
  222.11,   479.55,   722.40
  348.41,   230.72,   472.32
  349.35,   231.23,   598.28
  350.63,   230.84,   724.73
  345.77,   353.49,   470.09
  347.55,   354.26,   595.94
  349.41,   355.17,   722.50
  343.52,   477.53,   468.33
  345.27,   478.72,   594.34
  346.77,   480.35,   720.41
  101.46,   227.22,   601.43
  101.45,   224.73,   725.74
  100.19,   221.14,   850.53
  103.54,   351.44,   603.38
  103.85,   349.21,   729.21
  103.05,   345.93,   853.89
  106.26,   476.27,   605.96
  106.50,   473.74,   732.62
  105.88,   470.97,   858.05
  225.15,   223.93,   601.62
  225.04,   220.53,   726.39
  223.27,   217.03,   851.06
  228.97,   348.80,   604.16
  228.91,   345.35,   730.21
  226.81,   341.34,   854.05
  231.86,   473.20,   606.43
  232.20,   469.87,   732.96
  230.46,   466.46,   857.81
  351.05,   221.34,   601.64
  351.04,   216.72,   728.06
  350.35,   213.86,   853.95
  354.04,   344.19,   603.42
  354.79,   340.92,   730.03
  353.83,   338.47,   855.17
  356.54,   468.46,   605.96
  356.96,   466.00,   731.98
  356.55,   464.30,   856.50
  101.65,   350.66,    99.06
   99.78,   352.41,   224.87
   97.32,   354.38,   348.62
   99.82,   475.89,    97.67
   98.45,   477.27,   223.73
   96.39,   479.54,   346.98
   99.05,   600.58,    95.37
   97.09,   602.11,   221.05
   95.14,   604.82,   344.56
  226.60,   352.00,   100.74
  224.58,   353.85,   226.78
  222.57,   356.62,   350.53
  225.37,   477.63,    99.17
  223.15,   479.12,   225.52
  221.11,   481.24,   348.81
  224.52,   602.83,    97.01
  222.29,   604.13,   222.44
  219.21,   605.46,   346.09
  351.56,   353.71,   102.35
  349.43,   355.68,   227.49
  347.09,   357.48,   351.16
  350.27,   479.02,   100.18
  347.86,   480.93,   225.43
  345.63,   481.95,   349.24
  348.59,   604.32,    98.18
  346.05,   606.16,   223.09
  344.38,   607.49,   347.21
   98.53,   351.26,   224.80
   97.46,   349.48,   348.58
   97.03,   347.93,   472.79
   96.41,   476.11,   227.38
   95.72,   474.62,   350.66
   94.99,   473.10,   474.57
   94.21,   600.97,   228.46
   93.75,   599.97,   352.02
   93.22,   598.48,   476.28
  223.34,   353.44,   225.40
  222.72,   352.47,   349.14
  222.45,   351.13,   473.28
  221.11,   478.71,   227.90
  220.49,   477.12,   351.18
  220.29,   475.50,   475.06
  219.42,   603.66,   228.57
  217.76,   601.30,   352.21
  216.72,   599.15,   476.22
  348.20,   356.03,   224.77
  347.26,   354.12,   348.45
  346.93,   351.74,   472.81
  345.82,   481.27,   226.47
  345.00,   478.55,   350.27
  344.80,   475.73,   474.78
  343.25,   606.47,   227.86
  342.96,   604.02,   351.99
  342.80,   601.58,   477.08
   99.52,   350.70,   350.88
   98.35,   351.28,   475.07
   97.36,   351.96,   600.13
  102.13,   475.90,   350.94
  100.70,   476.57,   474.83
   99.69,   476.82,   600.19
  104.30,   601.00,   350.18
  102.93,   601.59,   474.28
  101.61,   601.27,   599.44
  224.75,   349.34,   352.07
  223.75,   350.10,   476.27
  222.80,   349.85,   602.09
  226.85,   473.97,   352.02
  225.93,   474.42,   475.94
  225.36,   474.32,   601.78
  228.50,   598.22,   351.01
  226.76,   598.13,   475.08
  226.28,   598.21,   600.79
  349.30,   346.69,   352.08
  348.23,   346.41,   476.52
  347.89,   345.55,   602.46
  351.34,   471.03,   351.81
  350.42,   470.29,   476.36
  350.07,   469.86,   602.44
  353.69,   596.56,   351.48
  352.86,   596.22,   476.62
  352.04,   596.14,   602.71
   98.19,   349.58,   476.77
   94.86,   353.33,   601.70
   91.95,   356.97,   727.45
   97.43,   474.75,   473.34
   94.04,   478.08,   598.55
   90.80,   481.41,   724.99
   96.79,   599.97,   469.73
   93.06,   602.78,   594.80
   89.23,   605.30,   721.19
  223.58,   351.56,   480.26
  220.32,   354.44,   606.05
  216.93,   356.70,   732.06
  222.66,   475.89,   476.78
  219.74,   478.93,   602.52
  216.82,   481.30,   729.06
  220.37,   599.55,   472.72
  217.48,   602.73,   598.24
  215.64,   606.19,   724.88
  348.05,   350.94,   482.81
  345.42,   353.21,   608.74
  342.70,   355.69,   735.22
  347.15,   474.93,   479.53
  344.47,   477.69,   605.57
  341.48,   480.88,   731.54
  346.44,   600.83,   476.57
  343.28,   603.94,   602.58
  339.84,   607.40,   728.24
   99.04,   349.89,   601.57
  100.17,   349.99,   727.43
  100.27,   349.04,   852.28
   95.97,   474.60,   601.88
   96.98,   474.51,   728.49
   97.42,   474.23,   854.12
   92.72,   599.25,   601.61
   93.16,   598.40,   728.22
   94.28,   598.91,   854.94
  224.49,   353.05,   601.69
  225.23,   351.83,   727.81
  224.02,   350.03,   851.76
  221.66,   477.56,   601.69
  222.85,   476.44,   728.30
  222.04,   475.23,   853.41
  217.19,   601.39,   600.92
  219.48,   601.41,   727.70
  219.45,   601.60,   853.98
  349.53,   354.00,   600.21
  351.05,   353.00,   726.80
  350.95,   352.78,   851.90
  346.36,   478.49,   600.58
  347.52,   478.19,   726.64
  347.90,   478.64,   851.26
  342.95,   604.77,   601.11
  343.63,   604.74,   726.86
  344.12,   605.22,   851.90
  100.86,   475.95,   103.52
   97.85,   477.62,   229.25
   94.16,   480.10,   352.43
  103.44,   600.68,   100.99
   99.81,   602.45,   226.44
   96.21,   605.39,   349.90
  105.87,   725.43,    97.60
  102.07,   727.28,   222.44
   97.41,   729.68,   346.86
  226.32,   474.40,   106.67
  222.48,   476.19,   232.73
  218.88,   478.59,   355.94
  228.79,   599.66,   104.20
  224.85,   601.17,   229.51
  220.21,   602.74,   353.08
  230.90,   724.20,   101.56
  226.90,   725.74,   225.65
  221.87,   727.21,   350.04
  351.14,   472.61,   109.17
  347.16,   474.67,   234.32
  343.33,   475.93,   358.06
  352.68,   597.90,   106.95
  348.67,   599.92,   231.80
  345.40,   601.43,   355.89
  353.85,   722.81,   104.81
  350.05,   724.92,   229.62
  347.75,   727.45,   353.93
   99.21,   475.46,   228.01
   96.06,   472.59,   351.18
   92.86,   469.64,   475.00
   99.92,   600.30,   230.46
   96.90,   597.89,   353.93
   93.95,   595.06,   478.14
  100.82,   725.11,   231.80
   96.85,   722.25,   356.20
   93.44,   718.81,   480.95
  223.87,   475.14,   230.83
  220.84,   472.20,   354.06
  218.22,   469.28,   477.94
  224.95,   600.09,   232.91
  220.93,   596.37,   356.49
  217.55,   592.89,   480.50
  225.73,   724.61,   234.33
  221.21,   720.75,   358.74
  217.28,   716.95,   483.51
  348.58,   474.74,   231.79
  345.30,   470.64,   355.54
  342.70,   466.51,   480.04
  348.85,   599.95,   234.57
  346.13,   596.07,   358.65
  343.52,   592.20,   483.74
  349.05,   724.96,   237.67
  347.30,   722.12,   361.98
  345.05,   719.14,   487.18
  101.54,   476.51,   351.79
  104.40,   473.97,   475.65
  107.74,   471.03,   600.99
  100.00,   601.67,   354.29
  102.85,   598.90,   478.38
  105.81,   595.28,   603.50
   97.69,   726.01,   356.37
   99.91,   722.36,   480.98
  102.82,   718.37,   605.94
  226.23,   478.40,   348.69
  229.57,   475.53,   472.48
  233.29,   472.11,   598.22
  224.09,   602.61,   350.92
  226.64,   599.27,   474.93
  230.49,   596.09,   600.62
  222.18,   727.04,   353.00
  224.33,   723.56,   477.85
  228.04,   720.58,   603.43
  350.73,   479.40,   344.26
  354.01,   475.32,   468.65
  357.90,   471.53,   594.56
  349.28,   604.90,   347.20
  352.74,   601.30,   472.22
  356.20,   597.91,   598.24
  348.10,   730.82,   350.37
  352.09,   728.28,   475.45
  354.97,   725.46,   601.58
   99.43,   475.70,   472.79
   99.01,   473.12,   598.09
   98.83,   470.43,   724.65
  100.18,   600.81,   475.12
   99.44,   597.63,   600.29
   98.90,   594.34,   726.99
   99.39,   724.27,   477.26
   98.67,   720.80,   602.32
   99.28,   718.42,   728.26
  224.69,   475.15,   473.29
  224.72,   472.22,   599.08
  224.68,   468.57,   725.65
  223.93,   598.85,   475.25
  224.10,   596.09,   600.95
  225.13,   593.50,   727.67
  223.82,   723.14,   477.72
  223.82,   720.49,   603.29
  225.02,   718.91,   729.34
  349.19,   472.61,   473.08
  349.45,   469.30,   599.10
  349.47,   466.44,   725.19
  350.06,   598.51,   476.18
  349.85,   595.53,   602.24
  349.31,   592.89,   727.91
  351.62,   725.54,   478.96
  350.76,   723.03,   605.13
  349.15,   720.32,   731.19
   99.12,   475.68,   600.78
  100.77,   474.20,   727.40
  101.75,   472.47,   853.03
   99.99,   600.17,   601.68
  101.34,   598.10,   728.42
  102.98,   597.24,   855.20
   99.68,   723.31,   602.47
  102.23,   722.23,   728.40
  104.26,   722.50,   854.90
  224.80,   474.31,   599.92
  226.60,   471.87,   726.50
  226.44,   469.31,   851.55
  224.64,   598.20,   600.53
  227.49,   596.86,   727.25
  228.05,   595.67,   853.41
  224.87,   722.65,   601.65
  227.83,   722.31,   727.70
  229.16,   722.61,   853.93
  349.51,   470.96,   598.12
  351.34,   469.32,   724.20
  352.39,   468.44,   848.83
  350.41,   597.24,   600.01
  351.65,   595.84,   725.70
  352.83,   595.02,   850.62
  351.85,   724.77,   601.63
  352.01,   723.34,   727.76
  352.99,   721.89,   853.08
   99.75,   598.11,   100.60
  100.62,   599.58,   226.14
  101.35,   602.10,   349.65
   97.57,   722.85,    97.50
   98.23,   724.40,   222.48
   98.07,   726.47,   346.88
   94.68,   848.92,    93.50
   95.32,   849.24,   219.27
   95.42,   850.67,   345.21
  225.21,   601.60,    99.29
  225.72,   602.81,   224.68
  225.48,   604.04,   348.32
  222.82,   726.08,    97.01
  223.27,   727.34,   221.12
  222.62,   728.51,   345.57
  219.05,   850.68,    94.07
  219.50,   852.13,   218.80
  221.19,   853.65,   344.38
  349.27,   604.30,    97.61
  349.50,   606.05,   222.52
  350.68,   607.31,   346.65
  345.98,   729.17,    95.73
  346.34,   730.94,   220.65
  348.42,   733.20,   345.01
  342.42,   853.69,    93.45
  344.17,   855.34,   219.33
  346.34,   857.75,   343.96
  102.33,   599.70,   225.14
  100.26,   603.33,   348.59
   98.28,   606.59,   472.69
  105.88,   724.48,   220.32
  102.66,   727.48,   344.72
   99.95,   729.91,   469.39
  108.57,   849.41,   215.93
  105.96,   851.68,   341.92
  103.45,   854.18,   467.55
  227.34,   597.21,   226.61
  224.37,   599.55,   350.19
  221.90,   602.08,   474.16
  230.64,   721.76,   222.00
  227.29,   724.04,   346.37
  224.43,   726.39,   471.20
  232.74,   846.46,   218.69
  231.62,   849.16,   344.06
  229.89,   851.72,   469.47
  351.19,   594.68,   227.29
  349.52,   596.95,   351.38
  348.01,   599.28,   476.46
  353.73,   719.67,   224.34
  353.08,   722.96,   348.66
  352.13,   726.27,   473.76
  357.28,   844.13,   222.02
  356.82,   847.76,   346.46
  355.33,   851.48,   471.42
  101.22,   602.13,   351.59
  101.60,   601.73,   475.72
  102.02,   600.42,   600.89
  100.18,   726.45,   351.28
   99.91,   725.21,   475.98
  100.32,   723.57,   601.04
   99.91,   850.69,   352.11
   99.80,   849.47,   477.80
  100.85,   847.89,   603.33
  225.38,   601.76,   350.66
  225.38,   600.71,   474.73
  226.69,   599.84,   600.45
  224.80,   726.27,   350.40
  224.40,   725.07,   475.31
  225.54,   724.33,   600.91
  225.76,   851.46,   351.72
  226.36,   850.38,   477.12
  226.57,   849.19,   602.00
  350.61,   602.65,   349.39
  351.55,   601.37,   474.51
  352.50,   600.34,   600.61
  350.72,   728.67,   350.22
  352.20,   728.42,   475.38
  352.54,   727.90,   601.56
  350.99,   853.41,   351.61
  351.86,   853.56,   476.61
  351.67,   853.24,   602.07
   98.70,   600.20,   473.34
   94.97,   596.16,   598.46
   91.19,   591.92,   724.99
   98.44,   723.67,   476.41
   94.77,   719.41,   601.47
   92.10,   715.98,   727.29
   99.61,   847.72,   481.05
   96.48,   843.46,   606.49
   94.34,   841.34,   730.49
  222.36,   597.61,   476.43
  219.54,   593.97,   602.05
  217.58,   590.45,   728.75
  222.71,   721.84,   479.81
  219.71,   718.23,   605.28
  218.02,   715.74,   731.29
  226.07,   847.10,   484.46
  222.09,   843.04,   609.25
  218.35,   840.10,   734.12
  348.42,   596.61,   480.35
  345.20,   592.72,   606.34
  341.75,   589.17,   731.94
  350.47,   723.63,   484.08
  346.54,   720.11,   610.17
  342.05,   716.47,   736.07
  351.62,   848.94,   488.09
  347.18,   845.67,   613.51
  342.50,   842.09,   738.88
  100.40,   601.07,   598.35
   97.10,   600.48,   724.99
   94.22,   601.14,   851.73
  100.89,   724.16,   597.70
   98.84,   724.59,   723.57
   96.41,   726.19,   849.99
  103.67,   848.44,   599.17
  101.69,   849.73,   723.52
   97.50,   851.83,   847.38
  225.03,   598.24,   601.80
  223.34,   598.41,   728.48
  219.36,   598.75,   854.70
  226.09,   722.72,   601.48
  224.51,   723.80,   727.43
  221.37,   725.65,   853.62
  229.33,   847.62,   601.79
  225.68,   848.06,   726.67
  222.25,   850.46,   852.25
  350.75,   596.41,   605.85
  347.47,   596.55,   731.50
  344.08,   597.24,   856.44
  353.00,   723.98,   606.04
  348.61,   723.98,   732.08
  345.16,   724.08,   857.38
  354.40,   849.53,   605.78
  349.98,   849.53,   731.11
  347.17,   849.56,   856.88
  223.07,    99.23,    98.72
  219.38,   103.05,   223.86
  216.76,   107.03,   348.67
  224.78,   223.73,    95.98
  221.04,   227.56,   221.29
  217.69,   232.04,   345.78
  225.63,   349.56,    93.27
  222.25,   352.79,   219.51
  218.83,   357.06,   343.28
  347.49,    98.34,   102.42
  344.30,   102.06,   227.27
  342.22,   106.88,   351.87
  349.18,   223.28,    99.80
  345.89,   227.04,   224.70
  342.74,   231.67,   348.40
  350.56,   348.74,    96.47
  347.08,   352.20,   221.68
  343.36,   355.56,   345.32
  471.82,    98.11,   105.66
  468.71,   101.55,   230.54
  467.03,   106.00,   355.33
  473.64,   223.13,   103.03
  470.19,   227.03,   227.56
  467.50,   231.00,   351.56
  475.51,   347.71,    99.83
  472.07,   351.50,   224.11
  468.12,   354.26,   347.87
  224.48,    98.79,   225.67
  228.42,    98.58,   350.52
  231.57,    98.29,   475.90
  221.36,   223.28,   227.39
  224.51,   223.52,   351.88
  227.52,   223.40,   476.98
  217.86,   348.51,   229.97
  220.87,   348.52,   353.67
  224.21,   348.08,   477.82
  349.31,   102.41,   222.67
  353.68,   102.91,   347.33
  357.27,   102.83,   472.50
  346.21,   227.41,   224.45
  349.49,   227.79,   348.16
  352.61,   227.49,   473.10
  342.64,   352.55,   225.81
  345.34,   351.64,   349.41
  348.61,   350.17,   473.73
  473.55,   106.63,   219.54
  478.32,   106.67,   344.35
  482.22,   106.38,   469.69
  470.49,   232.04,   220.96
  474.14,   231.72,   344.97
  478.02,   230.97,   470.05
  467.63,   356.52,   221.83
  470.08,   355.01,   345.63
  473.11,   352.84,   470.07
  225.43,    99.62,   350.68
  225.67,   100.97,   476.14
  224.53,   101.05,   601.19
  227.66,   224.62,   350.25
  227.86,   226.16,   475.39
  227.44,   226.15,   600.81
  230.11,   349.60,   350.26
  230.64,   350.82,   474.44
  231.27,   351.03,   600.26
  350.81,    97.80,   350.32
  351.54,    99.34,   475.53
  350.76,    99.21,   601.28
  352.72,   222.81,   349.32
  353.03,   224.17,   474.34
  353.34,   223.52,   600.35
  354.65,   346.62,   348.75
  355.09,   346.79,   473.15
  356.29,   346.38,   599.04
  475.59,    95.27,   350.18
  476.55,    96.61,   475.53
  476.99,    97.21,   601.39
  477.49,   220.66,   348.98
  478.62,   221.64,   474.19
  479.56,   221.02,   600.35
  479.50,   343.98,   347.86
  479.77,   343.51,   472.38
  480.93,   342.80,   598.09
  224.61,   100.20,   475.87
  224.55,   103.26,   600.87
  225.52,   106.18,   725.30
  221.33,   225.31,   472.27
  222.02,   228.32,   597.57
  223.57,   230.94,   722.43
  218.64,   350.03,   468.42
  220.33,   353.29,   594.08
  221.97,   355.85,   720.21
  350.42,   104.10,   474.04
  350.78,   106.95,   599.77
  351.00,   108.68,   725.31
  346.43,   228.70,   469.94
  347.84,   231.05,   595.83
  349.65,   232.45,   722.21
  343.09,   351.47,   465.93
  345.33,   354.05,   591.68
  347.69,   356.74,   718.19
  475.48,   106.99,   472.81
  477.15,   110.48,   598.75
  477.46,   112.71,   724.81
  471.87,   231.51,   468.47
  473.90,   233.75,   594.45
  475.92,   235.55,   721.29
  467.63,   353.39,   463.84
  469.84,   355.62,   589.39
  472.93,   358.77,   715.85
  224.26,   102.37,   598.99
  220.26,    98.88,   723.40
  217.74,    97.49,   849.66
  226.34,   227.41,   602.21
  222.91,   223.53,   726.94
  217.74,   219.49,   851.42
  229.37,   352.27,   605.33
  225.96,   348.35,   731.33
  220.49,   343.84,   855.04
  350.42,   101.24,   602.86
  345.58,    96.65,   728.12
  342.64,    94.14,   853.26
  352.20,   225.41,   605.57
  348.88,   220.34,   731.93
  344.73,   217.07,   857.60
  354.41,   348.30,   607.94
  351.80,   344.62,   734.49
  347.32,   341.66,   859.39
  476.65,   100.00,   606.80
  471.68,    95.78,   732.34
  467.91,    92.06,   856.75
  478.39,   223.56,   609.38
  475.19,   218.98,   736.31
  471.48,   215.88,   862.06
  479.07,   345.39,   610.77
  477.33,   342.20,   737.38
  474.34,   340.69,   862.79
  224.91,   222.72,    98.69
  224.19,   220.00,   223.95
  223.97,   217.95,   348.45
  221.59,   348.40,   102.78
  221.25,   345.22,   228.68
  220.92,   342.96,   352.42
  218.67,   473.94,   106.53
  218.15,   470.43,   232.61
  217.85,   467.61,   355.82
  349.31,   226.36,    99.49
  349.05,   223.55,   224.42
  349.04,   221.70,   348.14
  346.52,   351.77,   102.78
  346.08,   348.66,   227.91
  345.46,   345.53,   351.54
  343.55,   477.07,   105.73
  342.85,   473.83,   230.97
  342.31,   469.81,   354.70
  473.84,   230.24,    99.69
  473.37,   227.60,   224.29
  473.77,   225.05,   348.36
  471.52,   354.83,   103.02
  471.09,   352.03,   227.33
  470.23,   348.28,   351.16
  468.43,   479.79,   105.99
  467.96,   476.66,   230.34
  467.18,   472.44,   354.24
  226.29,   223.06,   224.69
  225.34,   220.61,   349.14
  224.29,   217.83,   474.29
  222.94,   348.27,   229.78
  221.89,   345.59,   353.48
  221.16,   342.53,   477.66
  219.45,   473.45,   234.05
  218.44,   470.20,   357.25
  217.83,   466.90,   481.18
  351.13,   227.00,   225.86
  350.38,   224.71,   349.56
  349.45,   221.78,   474.53
  347.76,   352.07,   229.71
  346.41,   348.49,   353.33
  345.65,   344.43,   477.73
  344.13,   477.21,   233.14
  342.88,   472.76,   356.87
  342.28,   468.26,   481.40
  475.45,   231.42,   226.44
  475.11,   228.41,   350.51
  474.96,   225.05,   475.66
  472.76,   355.78,   229.86
  471.17,   351.58,   353.68
  470.23,   346.78,   478.20
  469.22,   480.40,   233.27
  467.74,   475.76,   357.17
  466.75,   470.84,   481.93
  224.34,   226.37,   351.67
  222.80,   224.58,   476.81
  220.61,   221.29,   602.13
  227.24,   351.36,   354.97
  226.05,   349.27,   479.17
  224.88,   346.19,   604.99
  230.09,   475.92,   357.67
  229.01,   473.53,   481.66
  228.28,   470.60,   607.57
  349.39,   224.11,   352.35
  347.96,   222.16,   477.39
  346.46,   218.23,   603.38
  351.75,   347.87,   355.10
  350.52,   344.79,   479.55
  349.98,   341.13,   605.50
  354.57,   472.13,   357.61
  353.48,   468.57,   482.23
  352.96,   465.34,   608.31
  474.17,   221.51,   353.65
  473.56,   219.22,   478.88
  472.76,   215.32,   605.07
  476.56,   344.70,   355.84
  475.17,   340.95,   480.41
  474.71,   337.01,   606.21
  479.47,   468.82,   358.34
  477.94,   464.94,   483.08
  477.25,   461.59,   608.73
  224.41,   226.15,   475.88
  226.85,   222.76,   601.19
  230.16,   218.94,   725.95
  223.23,   350.87,   478.37
  226.70,   347.67,   604.13
  230.06,   343.82,   730.11
  221.77,   475.22,   480.97
  225.65,   472.16,   606.80
  229.40,   468.40,   733.29
  349.52,   228.15,   471.89
  352.75,   224.22,   597.82
  356.23,   219.24,   724.25
  347.67,   350.86,   474.20
  351.75,   347.09,   600.02
  355.93,   343.43,   726.56
  346.24,   474.82,   477.00
  350.30,   471.45,   602.99
  354.12,   468.55,   728.96
  474.98,   229.60,   468.76
  478.89,   225.69,   594.84
  482.55,   221.29,   721.74
  472.22,   351.46,   470.46
  476.31,   347.45,   596.10
  481.26,   344.28,   722.66
  470.74,   475.71,   473.34
  474.58,   472.29,   598.91
  478.63,   469.78,   724.81
  223.82,   224.61,   600.43
  222.96,   225.44,   725.25
  220.40,   226.06,   849.82
  228.52,   349.50,   598.74
  227.73,   350.27,   724.87
  225.05,   350.48,   848.90
  232.25,   473.89,   596.76
  231.88,   474.80,   723.32
  229.66,   475.63,   848.50
  349.67,   221.14,   601.33
  348.92,   220.69,   727.73
  347.42,   221.98,   853.57
  353.53,   344.02,   598.89
  353.52,   344.92,   725.50
  351.88,   346.65,   850.66
  356.91,   468.25,   597.20
  356.56,   469.97,   723.29
  355.46,   472.47,   847.94
  475.92,   217.81,   602.69
  475.22,   217.77,   729.62
  474.16,   219.26,   855.55
  478.20,   339.55,   599.30
  478.93,   340.86,   725.91
  478.73,   343.92,   851.54
  481.18,   464.19,   597.34
  481.11,   466.25,   723.38
  480.86,   469.49,   848.27
  224.97,   347.63,   100.12
  226.21,   350.56,   226.14
  227.45,   354.38,   349.87
  222.86,   473.25,    97.54
  223.92,   475.80,   223.92
  225.14,   478.97,   347.19
  221.13,   598.42,    94.42
  222.21,   600.80,   219.89
  222.42,   603.19,   343.50
  349.91,   350.16,    98.42
  351.07,   353.18,   223.61
  351.97,   356.04,   347.24
  347.80,   475.41,    95.28
  348.65,   478.42,   220.55
  349.65,   480.50,   344.33
  345.37,   600.69,    92.31
  345.97,   603.62,   217.22
  347.55,   606.02,   341.31
  474.88,   352.33,    97.02
  476.12,   355.71,   221.37
  476.81,   358.01,   345.17
  472.64,   477.25,    93.97
  473.79,   480.39,   218.37
  474.63,   482.43,   342.24
  469.60,   602.85,    90.75
  470.32,   605.87,   215.53
  472.80,   608.72,   339.72
  223.32,   348.60,   227.86
  219.75,   348.12,   351.60
  216.51,   347.28,   475.75
  222.02,   473.88,   229.91
  218.47,   472.80,   353.16
  215.32,   471.72,   477.04
  221.24,   598.87,   230.14
  216.67,   596.99,   353.73
  212.70,   595.34,   477.69
  348.13,   350.21,   230.20
  344.26,   348.83,   353.85
  341.00,   346.98,   478.26
  346.71,   475.44,   231.42
  342.92,   473.20,   355.18
  339.81,   470.92,   479.71
  345.09,   600.68,   232.32
  341.82,   598.65,   356.41
  338.66,   596.65,   481.48
  473.09,   351.73,   232.78
  469.00,   349.70,   356.60
  465.56,   347.07,   481.14
  471.80,   476.39,   234.00
  467.78,   473.96,   357.89
  464.28,   471.24,   482.68
  469.55,   601.94,   235.44
  467.18,   600.31,   359.68
  464.56,   598.57,   485.02
  226.96,   351.16,   351.11
  224.52,   349.47,   475.26
  222.10,   346.80,   601.02
  223.56,   475.77,   353.42
  221.21,   473.82,   477.32
  219.21,   471.33,   603.13
  219.65,   599.92,   354.75
  216.49,   597.45,   478.77
  214.64,   595.12,   604.44
  351.43,   353.91,   352.58
  348.96,   351.17,   476.98
  347.19,   347.93,   602.90
  348.01,   478.28,   354.68
  345.67,   475.14,   479.25
  343.90,   472.31,   605.32
  344.83,   603.76,   356.72
  342.50,   600.97,   481.84
  340.26,   598.44,   607.89
  476.19,   356.89,   354.63
  473.49,   353.42,   479.14
  471.80,   349.87,   604.89
  472.89,   481.21,   356.71
  470.18,   477.73,   481.51
  468.21,   474.80,   607.19
  470.20,   607.60,   359.27
  468.44,   605.12,   484.62
  465.55,   602.61,   610.53
  223.40,   349.88,   476.12
  219.99,   352.79,   601.86
  216.48,   355.07,   727.88
  221.32,   474.22,   472.62
  218.25,   477.29,   598.30
  215.20,   479.66,   724.84
  217.88,   597.86,   468.53
  214.80,   601.03,   593.97
  212.82,   604.46,   720.62
  347.84,   350.47,   478.77
  345.06,   352.74,   604.66
  342.23,   355.20,   731.15
  345.78,   474.44,   475.45
  342.96,   477.20,   601.46
  339.85,   480.36,   727.46
  343.88,   600.28,   472.43
  340.60,   603.38,   598.42
  337.08,   606.83,   724.11
  472.38,   351.59,   481.84
  469.66,   353.53,   607.54
  467.70,   356.54,   734.03
  470.29,   475.90,   478.62
  467.30,   478.58,   604.27
  464.30,   482.20,   730.15
  469.77,   603.26,   476.12
  466.01,   606.47,   602.02
  461.23,   609.72,   727.79
  224.61,   352.04,   598.81
  226.99,   349.70,   724.91
  227.48,   346.80,   848.91
  223.22,   476.54,   599.94
  226.03,   474.31,   726.52
  226.88,   471.98,   851.58
  220.20,   600.41,   600.34
  224.09,   599.31,   727.08
  225.67,   598.35,   853.26
  349.64,   351.63,   595.70
  352.80,   349.47,   722.27
  354.46,   348.11,   847.51
  347.91,   476.06,   597.20
  350.72,   474.63,   723.24
  352.79,   473.97,   847.87
  345.97,   602.36,   598.89
  348.23,   601.20,   724.60
  350.37,   600.56,   849.56
  474.18,   352.14,   592.76
  478.10,   350.44,   719.33
  481.25,   350.42,   845.05
  472.24,   477.11,   594.16
  475.19,   476.06,   720.10
  478.12,   476.11,   844.97
  471.40,   605.04,   596.58
  472.51,   603.67,   722.42
  474.84,   602.71,   846.61
  227.41,   473.27,   102.40
  223.38,   469.76,   228.59
  219.61,   466.94,   351.83
  230.03,   598.48,   105.34
  225.85,   594.74,   230.69
  221.13,   591.11,   354.25
  232.29,   723.00,   107.92
  228.04,   719.27,   232.08
  222.77,   715.47,   356.43
  352.25,   471.13,   105.12
  348.08,   467.95,   230.29
  344.03,   463.98,   354.01
  353.89,   596.42,   108.19
  349.74,   593.16,   233.02
  346.23,   589.32,   357.07
  355.13,   721.30,   111.35
  351.29,   718.18,   236.06
  348.76,   715.36,   360.35
  477.15,   468.66,   108.83
  473.19,   465.56,   233.05
  468.84,   461.37,   356.87
  478.13,   594.14,   111.81
  474.31,   590.97,   236.32
  471.51,   587.48,   360.48
  478.72,   719.69,   114.73
  475.42,   717.00,   239.73
  474.50,   714.66,   364.11
  224.08,   475.76,   226.49
  227.34,   478.97,   349.67
  231.00,   482.04,   473.45
  224.07,   600.77,   222.39
  226.34,   603.22,   345.93
  229.13,   605.82,   469.87
  223.76,   725.33,   217.60
  225.64,   727.73,   341.97
  228.13,   730.30,   466.81
  348.80,   476.59,   221.13
  351.84,   478.72,   344.85
  355.48,   480.65,   469.26
  347.84,   601.82,   217.74
  351.48,   604.27,   341.78
  355.34,   606.76,   466.76
  346.75,   726.71,   214.63
  351.30,   730.17,   338.94
  355.81,   733.76,   463.91
  473.94,   476.80,   216.96
  476.81,   478.88,   340.79
  480.07,   480.63,   465.41
  472.22,   602.26,   214.07
  476.68,   605.14,   338.20
  481.17,   608.02,   463.33
  470.52,   728.08,   211.26
  476.65,   732.05,   335.65
  482.33,   736.02,   460.78
  225.42,   475.66,   350.84
  222.55,   476.59,   474.71
  220.02,   477.00,   600.48
  228.55,   599.88,   349.42
  224.83,   600.23,   473.43
  222.38,   600.77,   599.06
  231.99,   724.43,   347.84
  227.89,   724.62,   472.70
  225.21,   725.20,   598.23
  349.84,   471.26,   352.56
  346.99,   471.02,   477.09
  344.71,   471.08,   603.16
  353.67,   596.75,   351.83
  350.89,   596.86,   476.94
  348.12,   597.25,   603.00
  357.78,   722.84,   351.36
  355.55,   723.94,   476.49
  352.13,   724.76,   602.63
  474.68,   467.23,   355.03
  471.42,   466.60,   479.77
  468.99,   466.55,   605.45
  478.91,   593.44,   354.83
  476.58,   593.85,   480.11
  473.31,   594.30,   605.99
  483.34,   720.57,   354.64
  482.08,   722.05,   480.00
  478.28,   723.12,   606.55
  225.98,   474.10,   475.93
  226.41,   471.59,   601.77
  226.73,   468.37,   728.34
  224.01,   597.81,   477.45
  224.57,   595.50,   603.19
  225.96,   593.36,   729.92
  222.62,   722.08,   479.45
  223.04,   719.90,   605.04
  224.63,   718.79,   731.12
  350.49,   472.77,   475.38
  351.12,   469.91,   601.43
  351.51,   467.51,   727.49
  350.13,   598.70,   478.03
  350.29,   596.19,   604.11
  350.11,   594.01,   729.78
  350.44,   725.72,   480.36
  349.96,   723.68,   606.54
  348.73,   721.44,   732.61
  475.04,   472.75,   475.16
  475.46,   469.80,   600.79
  476.09,   467.77,   726.78
  475.99,   600.09,   478.29
  475.60,   597.63,   604.18
  474.37,   595.25,   729.97
  477.16,   728.28,   480.93
  476.25,   726.44,   607.53
  473.86,   723.77,   734.02
  224.12,   476.96,   599.92
  227.13,   476.63,   726.49
  228.22,   476.24,   851.59
  225.29,   600.82,   598.35
  229.35,   601.64,   725.03
  231.22,   602.66,   851.17
  226.94,   725.32,   597.35
  231.01,   727.07,   723.34
  233.64,   729.53,   849.51
  348.79,   472.23,   596.95
  351.81,   472.70,   723.01
  354.09,   473.98,   847.64
  351.08,   598.50,   596.66
  353.49,   599.26,   722.38
  355.84,   600.56,   847.31
  353.96,   726.06,   596.11
  355.28,   726.80,   722.29
  357.33,   727.44,   847.63
  473.07,   468.96,   593.67
  476.32,   469.83,   719.65
  479.45,   471.83,   844.57
  476.40,   596.79,   594.06
  477.81,   597.39,   719.92
  480.31,   598.40,   844.21
  480.28,   725.59,   594.37
  480.59,   726.03,   721.02
  482.21,   725.62,   844.97
  225.31,   602.25,   100.85
  227.98,   600.26,   226.21
  230.01,   598.31,   349.81
  224.35,   726.76,   101.74
  226.91,   724.81,   225.88
  228.53,   722.83,   350.31
  221.84,   851.39,   102.03
  224.72,   849.60,   226.85
  228.56,   847.97,   352.30
  349.35,   603.57,    97.01
  351.78,   602.11,   221.88
  355.17,   600.12,   345.97
  347.42,   728.47,    98.36
  350.03,   727.07,   223.23
  354.38,   726.14,   347.56
  345.35,   852.98,    99.39
  349.35,   851.53,   225.16
  353.77,   850.89,   349.66
  473.60,   604.76,    93.80
  476.21,   603.36,   218.57
  480.40,   601.78,   342.73
  471.14,   730.29,    94.84
  473.92,   729.28,   220.17
  479.84,   728.81,   344.59
  469.93,   855.05,    96.18
  474.30,   854.07,   221.94
  479.20,   853.85,   346.72
  226.45,   601.35,   224.28
  228.39,   601.47,   347.89
  230.89,   601.77,   471.91
  224.70,   725.90,   221.87
  226.23,   725.99,   346.30
  228.38,   726.23,   471.18
  221.69,   850.70,   220.73
  225.49,   851.13,   346.24
  228.67,   851.49,   471.64
  350.22,   603.87,   220.00
  353.54,   604.00,   344.10
  357.05,   604.13,   469.15
  347.75,   728.79,   219.28
  351.99,   729.95,   343.62
  356.10,   731.17,   468.68
  346.29,   853.23,   219.12
  350.65,   854.59,   343.68
  354.08,   856.16,   468.63
  474.60,   605.81,   216.72
  478.76,   606.37,   340.91
  482.86,   606.89,   466.08
  471.57,   731.69,   216.27
  477.41,   733.34,   340.70
  482.64,   734.93,   465.92
  471.28,   856.41,   215.97
  476.05,   858.19,   340.78
  479.72,   860.21,   466.25
  225.80,   599.68,   349.08
  224.92,   599.57,   473.12
  225.32,   599.62,   598.81
  229.30,   724.20,   347.88
  228.05,   723.95,   472.78
  228.25,   724.11,   598.39
  234.24,   849.34,   348.23
  234.02,   849.27,   473.64
  233.34,   849.03,   598.55
  350.94,   596.46,   348.65
  350.99,   596.09,   473.75
  351.08,   595.99,   599.85
  355.10,   722.50,   348.55
  355.74,   723.15,   473.71
  355.23,   723.55,   599.89
  359.45,   847.35,   348.97
  359.54,   848.53,   473.96
  358.46,   849.16,   599.55
  476.17,   593.06,   348.78
  476.69,   592.97,   474.05
  476.32,   592.94,   599.95
  480.61,   720.12,   348.99
  482.27,   721.13,   474.33
  481.44,   721.75,   600.90
  484.89,   845.42,   349.41
  485.46,   847.06,   475.02
  484.35,   848.20,   601.52
  225.46,   597.45,   475.25
  226.63,   597.82,   600.97
  228.68,   598.43,   727.67
  226.35,   721.82,   474.54
  227.36,   722.34,   600.16
  229.48,   723.88,   726.19
  230.14,   847.14,   475.06
  230.25,   847.24,   599.98
  230.32,   848.17,   724.90
  351.56,   596.11,   475.13
  352.40,   596.34,   601.23
  352.83,   596.92,   726.94
  354.11,   723.19,   474.74
  354.36,   723.93,   600.92
  353.70,   724.43,   727.08
  355.75,   848.54,   474.64
  355.42,   849.49,   600.21
  354.74,   850.03,   725.63
  477.33,   595.20,   474.69
  477.69,   595.53,   600.59
  477.13,   595.94,   726.46
  480.73,   723.39,   474.62
  480.64,   724.36,   601.20
  478.95,   724.54,   727.79
  481.67,   849.26,   474.94
  481.30,   850.73,   601.40
  480.35,   851.18,   727.28
  224.94,   599.47,   600.11
  227.43,   596.81,   726.81
  227.62,   594.25,   852.96
  224.81,   723.91,   602.59
  227.40,   722.24,   728.61
  228.33,   721.19,   854.85
  226.84,   848.75,   605.67
  227.32,   846.54,   730.60
  228.14,   846.20,   856.29
  350.74,   598.94,   599.98
  351.60,   596.18,   725.65
  352.40,   594.00,   850.54
  351.78,   726.46,   602.95
  351.56,   723.65,   729.05
  352.19,   720.85,   854.34
  351.93,   851.85,   605.47
  351.69,   849.20,   730.88
  353.00,   846.42,   856.72
  476.10,   599.08,   598.95
  475.90,   596.13,   724.75
  476.95,   593.66,   848.87
  478.11,   727.88,   602.84
  476.78,   724.68,   729.36
  477.04,   720.73,   853.01
  477.73,   854.06,   606.26
  477.27,   851.26,   732.08
  478.02,   846.73,   856.14
  351.38,    98.82,   100.42
  354.99,   101.47,   225.28
  359.83,   105.29,   349.90
  351.98,   223.79,    98.77
  355.51,   226.53,   223.70
  359.25,   230.14,   347.36
  352.28,   349.24,    96.45
  355.66,   351.69,   221.60
  358.75,   353.94,   345.19
  475.86,    99.56,    96.79
  479.29,   101.91,   221.63
  484.50,   105.20,   346.49
  476.49,   224.52,    95.07
  479.79,   227.45,   219.69
  483.96,   230.33,   343.74
  477.18,   349.07,    92.92
  480.68,   351.92,   217.27
  483.61,   353.70,   341.05
  600.52,    99.71,    93.03
  603.89,   102.65,   217.48
  608.82,   104.71,   343.06
  600.60,   224.49,    91.02
  604.10,   228.07,   215.54
  608.72,   230.14,   340.63
  601.65,   348.74,    89.62
  605.63,   351.62,   214.51
  609.17,   354.09,   338.17
  350.65,    99.24,   226.12
  351.90,   102.29,   350.85
  352.28,   104.76,   476.06
  350.81,   224.29,   225.27
  350.98,   227.21,   349.02
  350.95,   229.40,   474.01
  350.57,   349.46,   223.94
  350.11,   351.07,   347.62
  350.24,   352.12,   471.98
  475.07,   100.09,   226.08
  476.69,   102.68,   351.00
  477.39,   104.97,   476.37
  475.15,   225.64,   224.84
  475.76,   227.86,   348.95
  476.49,   229.62,   474.09
  475.61,   350.14,   223.12
  474.96,   351.18,   346.97
  474.86,   351.53,   471.45
  599.75,   101.22,   225.57
  601.11,   102.61,   351.20
  602.00,   104.41,   476.99
  599.53,   226.72,   224.28
  600.62,   228.08,   349.43
  601.98,   229.24,   474.97
  600.64,   350.34,   223.84
  600.52,   351.98,   347.54
  600.22,   352.89,   471.79
  350.93,   102.61,   348.18
  351.19,   100.89,   473.38
  349.94,    97.46,   599.10
  347.56,   227.52,   350.50
  347.37,   225.61,   475.50
  347.14,   221.75,   601.49
  344.24,   351.35,   353.24
  344.24,   348.34,   477.64
  344.92,   344.74,   603.57
  475.68,   105.53,   348.54
  476.22,   103.60,   473.90
  476.19,   100.81,   599.79
  472.32,   230.60,   350.64
  472.88,   228.28,   475.79
  473.36,   224.41,   601.95
  469.01,   353.81,   352.77
  468.81,   350.06,   477.30
  469.58,   346.18,   603.06
  600.05,   107.97,   348.96
  600.83,   105.55,   474.75
  601.30,   103.32,   600.35
  597.18,   233.28,   351.34
  598.33,   230.32,   476.86
  598.88,   226.93,   603.01
  594.53,   357.06,   353.50
  594.05,   353.76,   477.81
  594.18,   349.93,   603.49
  350.67,   102.37,   476.32
  353.16,   104.29,   602.03
  355.49,   105.16,   727.54
  346.14,   227.03,   473.21
  349.69,   228.42,   599.10
  353.61,   228.88,   725.50
  342.27,   349.81,   470.18
  346.65,   351.42,   595.93
  351.14,   353.17,   722.42
  475.66,   105.76,   472.96
  479.46,   108.34,   598.88
  481.90,   109.74,   724.84
  471.53,   230.35,   469.61
  475.71,   231.69,   595.61
  479.83,   232.61,   722.45
  466.75,   352.22,   465.96
  471.10,   353.54,   591.52
  476.33,   355.78,   717.97
  600.21,   108.34,   469.97
  604.55,   111.36,   595.66
  608.10,   114.47,   720.73
  596.85,   233.10,   466.77
  601.11,   234.89,   592.78
  604.72,   237.46,   718.75
  591.95,   356.57,   462.62
  595.63,   358.09,   588.02
  600.12,   359.98,   714.26
  348.43,   100.06,   598.68
  347.82,   100.80,   724.12
  348.93,   103.33,   849.53
  345.03,   224.37,   595.95
  345.99,   224.59,   722.30
  346.21,   226.39,   848.22
  342.15,   347.40,   592.94
  343.74,   348.89,   719.50
  343.80,   351.10,   844.68
  474.71,   104.03,   598.40
  474.19,   105.19,   724.33
  474.35,   106.60,   849.34
  471.17,   227.57,   595.37
  472.34,   228.16,   722.27
  473.08,   230.33,   848.38
  466.73,   349.38,   591.43
  469.09,   351.33,   717.98
  470.65,   354.97,   843.67
  599.86,   107.08,   598.04
  600.48,   109.88,   723.18
  600.91,   112.03,   847.16
  596.68,   230.65,   595.44
  597.44,   232.96,   721.47
  598.15,   236.26,   845.84
  591.34,   353.71,   590.83
  593.05,   355.39,   717.12
  594.98,   358.83,   842.55
  348.55,   225.88,   102.40
  352.01,   229.19,   227.25
  355.63,   233.30,   350.91
  345.45,   351.33,    99.66
  348.74,   354.27,   224.80
  351.76,   357.05,   348.37
  342.23,   476.58,    96.67
  345.21,   479.49,   221.91
  348.34,   481.50,   345.61
  473.04,   230.02,    98.71
  476.29,   233.45,   223.26
  480.30,   236.81,   347.28
  470.36,   354.56,    96.08
  473.73,   357.85,   220.40
  476.53,   360.08,   344.17
  467.01,   479.47,    93.16
  470.26,   482.55,   217.54
  473.26,   484.50,   341.38
  597.14,   233.39,    94.69
  600.63,   237.40,   219.22
  605.10,   239.99,   344.19
  594.86,   357.56,    92.87
  598.72,   360.89,   217.65
  602.05,   363.82,   341.23
  591.91,   482.50,    90.42
  595.74,   484.93,   215.49
  598.78,   488.21,   338.54
  348.27,   223.89,   223.95
  345.60,   225.44,   347.69
  342.72,   226.32,   472.65
  346.57,   349.08,   223.98
  343.30,   349.37,   347.66
  340.61,   349.17,   472.02
  344.62,   474.35,   223.56
  341.42,   473.80,   347.37
  338.87,   473.16,   471.81
  472.57,   226.71,   226.35
  470.35,   227.58,   350.42
  468.21,   228.01,   475.54
  471.56,   351.21,   225.94
  468.06,   350.86,   349.77
  465.17,   349.86,   474.26
  469.72,   475.91,   225.51
  466.30,   475.17,   349.41
  463.38,   474.10,   474.16
  596.96,   229.25,   228.65
  595.20,   229.24,   353.72
  593.68,   229.06,   479.22
  596.57,   352.87,   229.43
  593.54,   353.07,   353.08
  590.40,   352.47,   477.37
  595.23,   476.89,   229.74
  591.81,   477.47,   352.77
  588.26,   477.39,   476.74
  350.30,   226.47,   347.74
  348.29,   224.33,   472.70
  346.20,   220.24,   598.66
  351.34,   350.30,   350.74
  349.49,   347.00,   475.12
  348.35,   343.15,   601.01
  352.82,   474.64,   353.48
  351.11,   470.86,   478.03
  349.99,   467.39,   604.08
  475.08,   225.21,   349.63
  473.86,   222.67,   474.79
  472.48,   218.58,   600.93
  476.16,   348.46,   352.06
  474.14,   344.46,   476.58
  473.06,   340.29,   602.33
  477.75,   472.66,   354.80
  475.62,   468.54,   479.52
  474.31,   464.95,   605.15
  599.92,   223.46,   352.09
  599.35,   220.27,   477.68
  598.10,   216.70,   603.81
  601.69,   347.33,   354.58
  599.48,   343.78,   478.93
  597.78,   339.65,   604.64
  603.33,   471.72,   357.34
  600.53,   468.66,   481.22
  598.51,   464.93,   606.50
  351.34,   226.87,   474.91
  355.03,   227.60,   600.83
  359.04,   227.40,   727.30
  351.09,   349.57,   472.34
  355.60,   350.51,   598.13
  360.26,   351.67,   724.65
  351.25,   473.54,   470.28
  355.72,   474.94,   596.23
  359.95,   476.88,   722.20
  476.84,   226.60,   471.36
  481.13,   227.34,   597.41
  485.27,   227.68,   724.26
  475.67,   348.51,   468.19
  480.12,   349.20,   593.77
  485.46,   350.79,   720.25
  475.77,   472.75,   466.18
  480.00,   474.13,   591.71
  484.40,   476.41,   717.63
  602.23,   225.67,   468.59
  606.60,   226.91,   594.64
  610.22,   229.02,   720.52
  601.01,   349.33,   464.92
  604.77,   350.24,   590.41
  609.23,   351.49,   716.66
  600.77,   474.26,   462.36
  604.20,   475.76,   587.40
  608.66,   477.15,   713.74
  348.24,   225.48,   598.41
  346.49,   220.72,   724.78
  343.98,   217.58,   850.62
  349.18,   348.42,   600.45
  348.13,   344.98,   727.03
  345.36,   342.23,   852.12
  349.63,   472.78,   603.21
  348.28,   470.08,   729.25
  346.04,   468.06,   853.82
  474.45,   224.91,   600.62
  472.86,   220.58,   727.58
  470.76,   217.69,   853.61
  473.84,   346.71,   601.71
  473.63,   343.75,   728.34
  472.37,   342.43,   853.96
  473.97,   471.58,   604.30
  472.87,   469.26,   730.25
  471.65,   468.14,   854.94
  600.03,   224.24,   603.47
  598.11,   221.78,   729.43
  596.03,   219.98,   853.61
  598.52,   347.31,   603.95
  597.62,   344.08,   730.26
  596.90,   342.77,   855.38
  598.19,   472.76,   605.60
  597.22,   469.48,   732.04
  596.12,   467.50,   857.50
  350.03,   349.40,   102.11
  353.22,   352.65,   227.15
  356.14,   355.68,   350.72
  348.67,   474.68,    98.74
  351.56,   477.87,   223.89
  354.60,   480.12,   347.60
  346.96,   599.96,    95.55
  349.63,   603.09,   220.38
  353.29,   605.71,   344.43
  474.98,   350.78,    98.64
  478.23,   354.35,   222.92
  480.97,   356.87,   346.69
  473.51,   475.69,    95.40
  476.69,   479.02,   219.75
  479.57,   481.26,   343.57
  471.22,   601.29,    91.99
  474.01,   604.50,   216.72
  478.51,   607.57,   340.87
  599.48,   351.92,    95.55
  603.24,   355.55,   220.32
  606.54,   358.77,   343.92
  598.49,   476.79,    92.85
  602.24,   479.52,   217.92
  605.16,   483.17,   340.89
  596.35,   602.69,    89.21
  599.65,   605.28,   214.34
  603.62,   608.89,   337.90
  350.33,   348.66,   227.24
  350.26,   347.44,   350.91
  350.77,   345.70,   475.32
  347.55,   473.88,   228.33
  347.56,   471.80,   352.11
  348.22,   469.61,   476.65
  344.57,   599.09,   229.11
  345.11,   597.26,   353.22
  345.82,   595.44,   478.33
  475.35,   351.59,   226.07
  475.07,   349.79,   349.93
  475.39,   347.35,   474.46
  472.69,   476.25,   227.16
  472.49,   474.05,   351.08
  472.73,   471.52,   475.83
  469.01,   601.75,   228.45
  470.44,   600.32,   352.70
  471.68,   598.81,   478.02
  600.39,   354.04,   226.48
  600.61,   352.86,   350.16
  600.69,   350.93,   474.45
  598.24,   478.04,   228.30
  598.06,   477.24,   351.34
  597.67,   475.84,   475.25
  594.60,   603.79,   229.07
  595.59,   603.02,   352.73
  596.28,   602.24,   477.33
  351.25,   351.40,   350.02
  351.45,   352.05,   474.41
  352.38,   352.17,   600.32
  354.25,   475.77,   348.71
  354.56,   475.99,   473.25
  355.45,   476.56,   599.31
  357.53,   601.34,   347.36
  358.03,   602.05,   472.50
  358.45,   603.01,   598.59
  476.07,   348.11,   349.37
  476.06,   348.10,   473.89
  476.98,   347.91,   599.61
  479.20,   472.36,   348.05
  479.09,   472.33,   472.77
  479.76,   472.82,   598.41
  482.79,   598.59,   347.21
  483.76,   599.65,   472.45
  483.73,   600.73,   598.35
  601.59,   345.52,   349.94
  601.41,   346.04,   474.26
  601.66,   345.97,   599.92
  604.80,   469.87,   348.71
  604.04,   471.01,   472.52
  603.96,   471.46,   597.74
  607.93,   595.47,   347.63
  608.16,   597.26,   472.04
  608.18,   598.76,   597.63
  349.60,   349.33,   472.48
  353.57,   348.42,   598.31
  357.68,   347.66,   724.87
  350.06,   473.30,   472.30
  354.02,   472.81,   598.29
  357.74,   472.84,   724.30
  350.78,   599.25,   472.50
  354.32,   599.21,   598.56
  357.39,   599.48,   724.23
  474.19,   348.01,   468.84
  478.14,   346.83,   594.48
  482.96,   346.52,   721.03
  474.58,   472.23,   468.71
  478.30,   471.70,   594.29
  482.23,   472.08,   720.24
  476.57,   599.54,   469.37
  479.65,   599.61,   595.23
  481.73,   599.71,   721.10
  599.53,   348.56,   466.08
  602.82,   347.57,   591.64
  606.79,   346.96,   717.94
  599.57,   473.49,   465.40
  602.51,   473.04,   590.50
  606.49,   472.51,   716.89
  601.09,   599.81,   465.92
  604.14,   600.33,   591.42
  607.20,   600.46,   717.88
  351.87,   346.55,   601.62
  353.47,   347.59,   728.20
  353.44,   349.48,   853.29
  350.25,   470.94,   599.83
  351.49,   472.75,   725.89
  351.96,   475.34,   850.50
  348.40,   597.21,   598.29
  349.10,   599.29,   724.01
  349.67,   601.90,   849.01
  476.51,   346.96,   600.24
  478.88,   348.48,   726.82
  480.32,   351.75,   852.37
  474.58,   471.84,   598.29
  476.01,   474.05,   724.28
  477.35,   477.39,   849.07
  473.79,   599.69,   597.46
  473.40,   601.61,   723.34
  474.17,   603.92,   847.54
  601.16,   349.70,   599.82
  602.76,   350.90,   726.12
  604.62,   353.94,   851.33
  598.81,   475.18,   596.95
  600.35,   476.50,   723.39
  601.76,   478.83,   849.11
  598.38,   602.54,   596.17
  598.86,   604.45,   722.68
  599.05,   605.93,   847.18
  348.59,   474.41,    99.75
  347.82,   475.23,   225.04
  347.19,   475.19,   348.85
  348.44,   599.74,    98.84
  347.52,   600.49,   223.78
  347.47,   600.71,   347.91
  347.88,   724.67,    97.93
  347.11,   725.46,   222.83
  347.99,   726.68,   347.21
  473.50,   473.93,   100.10
  473.00,   474.87,   224.49
  472.15,   474.71,   348.40
  472.70,   599.53,    99.02
  472.01,   600.38,   223.77
  472.78,   601.01,   348.00
  471.57,   725.10,    97.83
  471.06,   726.31,   223.15
  473.59,   728.06,   347.62
  598.63,   473.39,   101.39
  598.57,   473.92,   226.24
  597.75,   475.13,   349.29
  598.03,   599.24,   100.10
  597.70,   599.62,   225.07
  597.97,   600.91,   348.67
  596.94,   725.41,    98.11
  596.21,   726.53,   222.86
  598.22,   727.48,   347.83
  349.69,   473.76,   224.01
  345.87,   474.51,   347.81
  342.71,   475.18,   472.27
  350.94,   599.01,   222.03
  347.72,   600.00,   346.12
  344.61,   601.01,   471.12
  352.06,   723.98,   220.37
  349.81,   725.97,   344.68
  347.25,   727.94,   469.72
  474.81,   471.83,   226.68
  470.75,   472.44,   350.53
  467.21,   472.71,   475.25
  475.44,   597.31,   225.22
  472.99,   598.71,   349.39
  470.45,   600.05,   474.64
  476.03,   723.27,   223.85
  475.38,   725.77,   348.27
  473.93,   728.20,   473.52
  600.32,   469.37,   231.59
  596.26,   471.34,   354.54
  592.07,   472.60,   478.45
  601.13,   594.97,   229.76
  598.13,   597.08,   353.23
  594.99,   599.12,   477.75
  601.23,   721.87,   226.80
  600.01,   723.60,   351.70
  598.35,   725.73,   477.56
  351.02,   472.83,   351.29
  350.69,   474.20,   475.83
  350.94,   475.90,   601.90
  347.55,   598.30,   348.83
  347.31,   600.11,   473.90
  347.11,   602.20,   599.98
  344.28,   724.15,   346.54
  344.52,   726.93,   471.64
  343.77,   729.50,   597.76
  475.94,   476.13,   351.17
  475.23,   477.24,   475.93
  475.26,   478.90,   601.60
  472.84,   602.40,   349.20
  473.20,   604.58,   474.49
  472.50,   606.80,   600.43
  469.86,   729.35,   347.24
  471.27,   732.62,   472.50
  470.17,   735.50,   599.08
  601.49,   480.38,   352.33
  600.13,   482.62,   476.21
  599.45,   484.27,   601.46
  597.96,   606.10,   350.13
  597.77,   608.98,   474.73
  597.14,   611.65,   600.45
  594.49,   732.64,   347.71
  595.78,   735.50,   473.68
  595.38,   738.84,   600.40
  350.55,   475.08,   472.53
  349.35,   475.09,   598.58
  347.89,   475.55,   724.66
  353.40,   601.05,   472.36
  351.71,   601.41,   598.44
  349.66,   602.10,   724.15
  356.97,   728.15,   471.88
  354.67,   728.99,   598.04
  351.49,   729.58,   724.18
  475.07,   471.89,   474.13
  473.67,   471.79,   599.79
  472.43,   472.64,   725.78
  479.18,   599.22,   474.44
  477.02,   599.68,   600.35
  473.93,   600.18,   726.21
  483.52,   727.38,   474.29
  480.93,   728.49,   600.87
  476.71,   728.78,   727.45
  599.99,   471.07,   475.95
  597.87,   470.88,   601.21
  596.78,   470.80,   727.66
  603.61,   597.43,   476.13
  601.52,   598.29,   601.75
  599.33,   598.75,   728.28
  607.72,   723.78,   476.90
  605.96,   725.48,   603.48
  603.09,   726.69,   729.58
  351.26,   471.57,   601.47
  351.77,   467.73,   727.50
  351.45,   464.61,   852.06
  353.00,   597.84,   605.62
  352.89,   594.19,   731.23
  352.77,   591.14,   856.04
  355.23,   725.40,   609.54
  354.02,   721.64,   735.58
  353.84,   717.92,   860.76
  475.59,   468.91,   600.64
  476.38,   465.42,   726.59
  477.05,   463.14,   851.39
  478.26,   596.70,   605.47
  477.16,   592.84,   731.22
  477.39,   589.55,   855.13
  481.44,   725.49,   610.35
  479.18,   721.32,   736.75
  478.68,   716.46,   860.03
  599.81,   468.67,   600.05
  600.67,   464.22,   726.46
  601.49,   461.00,   852.10
  602.80,   595.98,   604.84
  602.59,   592.04,   731.27
  602.10,   587.82,   855.61
  606.60,   723.18,   610.88
  605.65,   719.97,   736.78
  604.18,   715.04,   859.01
  351.11,   602.16,   100.80
  351.63,   600.96,   225.70
  353.02,   599.23,   349.84
  350.81,   727.08,   101.85
  351.54,   725.97,   226.74
  353.92,   725.30,   351.11
  350.46,   851.60,   102.61
  352.53,   850.46,   228.38
  354.98,   850.11,   352.88
  475.40,   601.64,    99.59
  476.15,   600.52,   224.34
  478.33,   599.19,   348.55
  474.55,   727.21,   100.35
  475.55,   726.50,   225.64
  479.51,   726.29,   350.10
  475.12,   852.01,   101.35
  477.49,   851.37,   227.08
  480.48,   851.45,   351.91
  600.75,   601.04,    99.26
  601.87,   599.42,   224.28
  603.49,   598.75,   347.84
  599.99,   727.21,    99.19
  600.70,   726.36,   223.93
  604.04,   725.25,   348.92
  601.07,   852.09,    99.88
  601.90,   851.70,   224.08
  604.44,   850.25,   350.13
  350.09,   598.92,   225.53
  351.30,   594.77,   349.61
  352.65,   590.60,   474.65
  348.88,   723.87,   228.91
  351.03,   720.77,   353.23
  352.88,   717.60,   478.38
  348.68,   848.32,   232.92
  350.96,   845.62,   357.34
  352.31,   843.05,   482.31
  474.60,   599.66,   224.31
  476.60,   595.89,   348.47
  478.39,   592.00,   473.66
  472.88,   725.59,   228.00
  476.66,   722.96,   352.41
  479.54,   720.16,   477.71
  473.66,   850.42,   231.87
  476.51,   848.20,   356.59
  478.28,   846.18,   482.11
  600.29,   599.76,   224.42
  601.78,   596.68,   347.95
  602.94,   593.59,   472.33
  598.00,   726.64,   226.49
  601.24,   723.17,   351.43
  603.88,   720.03,   477.24
  598.09,   851.91,   229.10
  600.53,   848.20,   355.12
  602.86,   845.03,   481.99
  351.65,   601.41,   349.77
  353.00,   604.26,   474.86
  354.30,   607.39,   600.93
  350.11,   727.35,   346.55
  352.01,   731.22,   471.63
  352.75,   734.88,   597.76
  348.75,   851.98,   343.87
  350.04,   856.14,   468.84
  350.24,   859.83,   594.16
  476.96,   603.77,   348.65
  478.89,   607.01,   473.91
  479.72,   610.29,   599.83
  475.66,   730.75,   345.73
  478.67,   735.06,   470.98
  479.14,   739.00,   597.58
  474.23,   855.62,   343.07
  475.72,   860.29,   468.54
  475.82,   864.49,   594.71
  602.10,   605.69,   348.09
  603.40,   609.59,   472.62
  604.33,   613.32,   598.30
  600.22,   732.17,   344.67
  603.01,   735.93,   470.62
  604.28,   740.29,   597.31
  598.26,   857.00,   341.38
  600.24,   860.52,   468.16
  601.23,   864.92,   594.95
  349.46,   600.03,   472.63
  352.95,   598.88,   598.69
  356.00,   598.04,   724.36
  351.63,   727.06,   473.59
  354.55,   726.47,   599.74
  356.51,   725.61,   725.89
  352.85,   852.27,   474.91
  355.19,   851.93,   600.38
  357.18,   851.19,   725.79
  475.26,   599.58,   469.54
  478.27,   598.52,   595.39
  480.32,   597.51,   721.23
  478.23,   727.73,   470.80
  480.86,   727.33,   597.34
  481.81,   726.14,   723.94
  478.67,   853.41,   472.52
  481.01,   853.55,   598.90
  482.78,   852.71,   724.77
  599.77,   599.12,   466.13
  602.75,   598.52,   591.61
  605.75,   597.51,   718.05
  602.52,   725.59,   468.22
  605.87,   725.64,   594.76
  608.25,   725.39,   720.89
  603.19,   850.43,   470.09
  606.51,   850.70,   597.00
  608.97,   850.98,   722.24
  352.03,   599.16,   601.60
  350.69,   599.55,   727.30
  349.29,   600.49,   852.27
  354.97,   726.75,   601.50
  352.51,   727.03,   727.64
  350.94,   727.33,   852.98
  356.98,   852.23,   600.99
  354.55,   852.55,   726.34
  353.63,   852.79,   852.13
  477.30,   597.38,   602.76
  474.95,   597.59,   728.61
  473.86,   598.27,   852.66
  481.21,   726.20,   603.60
  477.71,   726.16,   730.16
  475.79,   725.31,   853.84
  482.80,   852.48,   604.00
  480.10,   852.73,   729.79
  478.66,   851.30,   853.86
  601.81,   596.00,   603.42
  600.37,   596.13,   729.96
  598.60,   595.94,   854.30
  606.26,   723.21,   605.45
  604.12,   724.09,   731.53
  601.46,   723.30,   854.00
  608.36,   848.30,   606.56
  606.28,   849.79,   731.66
  603.94,   848.90,   854.01
  472.58,   101.22,   101.33
  471.92,   104.98,   226.22
  472.85,   109.73,   351.01
  476.34,   226.16,    98.30
  475.44,   230.40,   222.91
  475.32,   234.62,   346.95
  480.11,   350.64,    94.81
  479.35,   354.82,   219.15
  477.99,   357.89,   342.94
  597.20,    98.54,   101.82
  596.55,   102.68,   226.45
  597.25,   106.20,   352.02
  600.39,   223.28,    98.54
  599.77,   228.08,   223.12
  600.17,   231.50,   348.19
  604.61,   347.38,    95.90
  604.31,   351.58,   220.69
  603.54,   355.33,   344.32
  722.74,    95.79,   102.22
  721.48,    99.82,   226.69
  721.59,   102.39,   352.89
  724.88,   221.02,    98.22
  724.27,   224.59,   223.87
  725.10,   227.84,   349.64
  729.26,   344.45,    96.37
  729.62,   347.87,   222.95
  729.42,   352.94,   346.16
  474.59,    99.21,   224.98
  476.51,   102.66,   349.89
  477.51,   105.82,   475.23
  472.47,   224.71,   222.94
  473.37,   227.80,   347.00
  474.38,   230.41,   472.10
  470.73,   349.20,   220.38
  470.37,   351.10,   344.20
  470.55,   352.30,   468.64
  599.22,   102.59,   224.12
  600.89,   104.84,   349.73
  602.14,   107.47,   475.54
  596.84,   228.02,   222.02
  598.19,   230.23,   347.11
  599.81,   232.23,   472.59
  595.73,   351.60,   220.70
  595.88,   354.06,   344.40
  595.84,   355.78,   468.60
  724.00,   105.41,   223.15
  725.21,   106.72,   349.48
  726.40,   108.52,   475.79
  721.43,   230.11,   221.76
  723.16,   232.19,   347.45
  724.86,   234.01,   473.41
  721.10,   353.43,   222.00
  721.80,   357.27,   345.17
  721.56,   360.63,   468.83
  476.15,   101.33,   351.21
  477.56,    98.31,   476.55
  478.38,    94.54,   602.34
  478.31,   226.51,   354.29
  479.88,   223.18,   479.49
  481.29,   218.34,   605.69
  480.51,   349.66,   357.37
  481.27,   344.92,   481.93
  482.97,   340.04,   607.71
  600.55,    98.17,   350.57
  601.99,    94.77,   476.21
  603.23,    91.63,   601.61
  603.14,   223.65,   353.98
  605.34,   219.69,   479.62
  606.83,   215.43,   605.77
  606.08,   347.52,   357.15
  606.63,   343.30,   481.53
  607.66,   338.50,   607.30
  724.90,    94.83,   349.76
  726.03,    90.97,   475.55
  727.09,    88.36,   600.35
  728.01,   220.27,   353.81
  730.26,   215.88,   480.04
  731.14,   212.12,   605.73
  731.94,   345.57,   357.33
  732.30,   342.67,   481.45
  732.33,   337.98,   607.54
  474.17,   103.72,   477.10
  476.51,   102.45,   603.02
  477.42,   100.10,   728.78
  472.87,   228.42,   477.48
  475.73,   226.02,   603.64
  478.36,   223.24,   730.61
  470.84,   350.26,   477.46
  473.97,   347.89,   603.21
  477.91,   346.44,   729.82
  598.75,   103.63,   475.49
  601.61,   102.93,   601.11
  603.67,   102.18,   726.04
  598.33,   228.47,   476.13
  601.25,   226.59,   602.28
  603.48,   225.64,   728.24
  596.13,   352.00,   475.58
  598.58,   349.74,   601.24
  601.77,   347.99,   727.57
  722.95,   103.01,   473.77
  725.55,   102.80,   598.79
  728.39,   102.80,   722.64
  723.35,   228.37,   475.11
  725.69,   226.95,   600.96
  726.95,   227.60,   725.47
  721.84,   355.04,   474.01
  723.29,   352.94,   599.97
  724.88,   350.66,   726.24
  474.57,    99.62,   602.64
  473.73,   102.01,   728.46
  473.79,   104.69,   853.39
  472.27,   223.33,   598.51
  473.10,   225.07,   725.37
  473.55,   228.43,   851.37
  468.92,   345.10,   593.31
  471.01,   348.22,   719.84
  472.27,   353.06,   845.47
  599.70,   101.66,   602.46
  600.05,   105.64,   727.52
  600.32,   108.90,   851.47
  597.83,   225.30,   598.87
  598.26,   228.86,   724.81
  598.66,   233.30,   849.04
  593.59,   348.33,   593.05
  594.99,   351.20,   719.29
  596.63,   355.85,   844.61
  723.69,   103.07,   601.89
  724.83,   107.83,   725.80
  725.66,   112.32,   848.74
  722.30,   227.11,   599.29
  721.75,   232.35,   723.87
  721.66,   237.79,   846.49
  718.37,   353.02,   593.47
  718.19,   355.37,   719.69
  719.37,   359.13,   844.41
  475.85,   226.43,    98.97
  477.17,   229.26,   223.58
  479.32,   232.05,   347.67
  473.86,   350.99,    96.91
  475.29,   353.69,   221.27
  476.19,   355.34,   345.09
  471.18,   475.91,    94.54
  472.53,   478.37,   218.95
  473.55,   479.71,   342.83
  599.97,   229.24,    96.87
  601.56,   232.63,   221.46
  604.16,   234.60,   346.53
  598.40,   353.41,    95.65
  600.31,   356.16,   220.44
  601.74,   358.47,   344.08
  596.19,   478.28,    93.82
  598.06,   480.16,   218.86
  599.13,   482.85,   341.91
  724.51,   232.61,    94.26
  726.17,   234.81,   219.98
  729.14,   236.72,   345.60
  723.10,   356.12,    93.88
  725.70,   358.09,   220.51
  727.67,   361.82,   343.60
  721.49,   480.60,    92.97
  723.99,   481.97,   219.52
  724.96,   486.66,   341.35
  473.73,   225.26,   226.08
  475.92,   224.27,   350.19
  478.27,   222.88,   475.39
  477.56,   349.72,   227.53
  478.49,   347.52,   351.39
  480.01,   344.69,   475.92
  480.62,   474.31,   229.01
  481.58,   471.72,   352.89
  482.96,   468.81,   477.61
  598.03,   222.98,   223.90
  600.69,   221.10,   349.08
  603.70,   219.06,   474.74
  602.53,   346.58,   226.67
  604.01,   345.00,   350.41
  605.38,   342.70,   474.76
  606.19,   470.45,   229.02
  607.18,   469.35,   351.97
  607.91,   467.64,   475.77
  722.47,   219.54,   222.23
  725.49,   217.39,   348.11
  728.61,   214.90,   474.38
  727.83,   342.90,   226.57
  729.84,   342.58,   349.88
  731.07,   341.67,   473.92
  732.10,   466.69,   229.63
  733.06,   467.70,   351.33
  733.12,   467.78,   474.12
  475.31,   225.95,   348.06
  474.67,   228.97,   473.15
  473.89,   230.38,   599.20
  477.73,   349.24,   344.87
  476.24,   350.83,   469.30
  475.70,   352.25,   594.93
  480.65,   473.51,   341.97
  479.09,   475.12,   466.62
  478.32,   477.23,   592.21
  600.13,   223.00,   349.97
  600.15,   225.44,   475.51
  599.46,   227.40,   601.56
  603.25,   346.88,   346.90
  601.61,   349.03,   471.12
  600.38,   350.56,   596.66
  606.26,   471.20,   344.12
  604.07,   474.01,   467.83
  602.54,   476.11,   592.98
  725.00,   219.50,   352.07
  725.15,   221.59,   478.21
  723.92,   224.16,   603.93
  729.09,   344.68,   349.37
  727.32,   348.32,   473.26
  725.15,   350.10,   599.13
  732.13,   469.67,   346.52
  729.25,   474.27,   469.16
  726.95,   476.23,   594.52
  477.47,   224.90,   475.79
  480.92,   223.27,   601.94
  484.12,   221.25,   728.87
  479.09,   346.74,   474.93
  482.76,   345.07,   600.64
  487.29,   344.32,   727.21
  481.95,   470.94,   475.23
  485.36,   469.93,   600.81
  489.01,   469.83,   726.80
  602.88,   221.23,   473.90
  606.42,   220.15,   600.04
  609.17,   220.02,   725.90
  604.44,   344.88,   472.53
  607.42,   343.38,   598.20
  611.04,   342.33,   724.49
  606.89,   469.85,   472.19
  609.52,   468.83,   597.38
  613.24,   467.70,   723.85
  727.78,   217.23,   472.32
  730.78,   216.63,   598.10
  732.67,   218.17,   722.44
  730.12,   344.00,   470.46
  732.18,   342.74,   596.42
  734.16,   341.39,   722.58
  732.10,   470.05,   469.33
  733.94,   468.93,   594.77
  737.40,   466.25,   721.73
  476.62,   224.95,   601.78
  473.24,   221.96,   728.69
  469.36,   220.43,   854.67
  475.43,   346.79,   601.46
  473.43,   345.18,   728.06
  470.36,   345.21,   853.64
  475.00,   471.69,   602.68
  472.09,   470.72,   728.63
  469.07,   470.94,   853.31
  602.14,   224.83,   606.44
  598.41,   223.73,   732.33
  594.58,   223.23,   856.47
  600.07,   347.96,   605.53
  597.39,   346.05,   731.79
  594.90,   346.10,   856.87
  599.19,   473.45,   605.80
  596.43,   471.53,   732.22
  593.51,   470.91,   857.62
  726.47,   224.57,   611.04
  721.85,   225.22,   735.38
  717.82,   225.70,   857.67
  724.67,   350.39,   610.32
  720.40,   348.01,   736.40
  717.72,   347.28,   860.55
  723.54,   476.40,   609.73
  720.74,   472.91,   736.67
  718.02,   471.28,   862.69
  475.77,   348.50,   100.21
  476.93,   352.03,   224.52
  477.61,   354.52,   348.33
  478.34,   473.36,    96.95
  479.46,   476.65,   221.31
  480.23,   478.87,   345.16
  480.06,   598.93,    93.50
  480.84,   602.10,   218.26
  483.24,   605.15,   342.42
  600.26,   345.69,    99.28
  601.92,   349.33,   223.99
  603.16,   352.46,   347.68
  603.39,   470.42,    96.64
  605.03,   473.19,   221.65
  605.84,   476.83,   344.61
  605.34,   596.24,    93.03
  606.62,   598.81,   218.14
  608.38,   602.46,   341.62
  724.88,   343.21,    97.75
  727.23,   346.09,   224.24
  729.04,   350.55,   347.50
  728.67,   467.40,    96.11
  730.95,   469.81,   222.61
  731.72,   475.49,   344.36
  731.21,   593.33,    92.63
  732.94,   595.51,   218.26
  733.18,   599.70,   340.95
  474.09,   351.46,   226.03
  473.14,   350.31,   349.90
  472.79,   348.51,   474.42
  476.38,   476.12,   226.48
  475.50,   474.59,   350.39
  475.07,   472.73,   475.15
  477.61,   601.62,   227.13
  478.38,   600.89,   351.36
  478.98,   600.09,   476.66
  599.09,   349.04,   227.01
  598.67,   348.47,   350.74
  598.13,   347.16,   475.08
  601.95,   472.97,   228.29
  601.09,   472.86,   351.30
  600.01,   472.12,   475.18
  603.34,   598.62,   228.49
  603.51,   598.57,   352.05
  603.43,   598.49,   476.55
  724.44,   346.08,   228.83
  724.55,   346.85,   352.07
  723.85,   346.95,   476.08
  727.89,   469.93,   230.79
  726.97,   471.94,   352.50
  725.18,   472.95,   475.34
  729.59,   595.61,   230.15
  728.21,   596.21,   352.83
  726.83,   596.78,   476.35
  476.09,   350.07,   349.25
  473.84,   350.79,   473.73
  472.56,   351.36,   599.41
  476.06,   474.39,   347.19
  473.76,   475.11,   471.90
  472.24,   476.36,   597.55
  476.48,   600.66,   345.58
  475.27,   602.47,   470.81
  473.06,   604.30,   596.73
  601.63,   350.65,   351.97
  599.17,   351.88,   476.23
  597.20,   352.52,   601.82
  601.65,   475.05,   349.98
  598.71,   476.88,   473.81
  596.48,   478.10,   599.04
  601.66,   600.77,   348.16
  599.82,   603.28,   472.65
  597.64,   605.55,   598.30
  727.54,   351.52,   355.14
  724.85,   354.23,   479.04
  721.89,   355.04,   604.96
  727.49,   476.56,   353.01
  723.81,   480.10,   475.81
  720.87,   481.09,   601.26
  726.36,   600.77,   350.81
  723.16,   603.81,   474.37
  721.75,   606.31,   599.58
  473.92,   349.43,   472.48
  476.56,   344.78,   598.16
  480.04,   340.97,   724.76
  471.67,   473.60,   475.97
  474.06,   469.52,   601.57
  476.69,   466.38,   727.50
  471.01,   600.88,   480.26
  472.58,   597.28,   606.11
  473.33,   593.78,   731.84
  599.23,   352.70,   471.11
  601.20,   348.16,   596.73
  603.90,   344.08,   723.05
  596.60,   477.57,   474.04
  598.26,   473.51,   599.22
  600.94,   469.43,   725.61
  595.60,   603.97,   478.22
  597.20,   600.84,   603.80
  598.75,   597.27,   730.21
  724.93,   357.25,   470.03
  725.93,   352.87,   595.95
  727.04,   348.28,   722.23
  721.71,   482.96,   472.19
  722.65,   478.79,   597.58
  725.20,   473.20,   724.53
  718.92,   606.62,   476.09
  721.36,   603.89,   601.23
  725.09,   600.39,   727.82
  476.09,   346.68,   599.42
  475.28,   349.02,   725.97
  473.50,   353.09,   851.49
  474.24,   471.53,   596.59
  472.51,   474.58,   722.55
  470.64,   478.75,   847.32
  473.56,   599.36,   594.87
  470.00,   602.12,   720.71
  467.56,   605.27,   844.98
  600.74,   349.36,   602.21
  599.21,   351.38,   728.43
  597.94,   355.31,   853.59
  598.47,   474.84,   598.44
  596.85,   476.98,   724.84
  595.07,   480.23,   850.43
  598.11,   602.20,   596.77
  595.38,   604.93,   723.26
  592.39,   607.27,   847.64
  725.38,   353.36,   605.69
  722.29,   354.85,   731.82
  720.79,   357.90,   856.23
  722.86,   479.38,   601.04
  721.25,   479.98,   727.94
  719.76,   482.14,   854.24
  722.21,   604.54,   598.41
  721.76,   607.35,   725.04
  718.49,   609.39,   851.12
  476.14,   476.17,   100.79
  477.62,   473.17,   225.14
  478.70,   469.10,   348.98
  472.30,   601.72,   103.65
  473.70,   598.61,   228.32
  476.40,   595.25,   352.51
  468.12,   727.18,   106.49
  469.91,   724.53,   231.66
  474.39,   722.32,   356.07
  601.22,   478.63,   100.20
  603.16,   475.19,   225.10
  604.31,   472.58,   348.06
  597.62,   604.42,   102.84
  599.31,   600.88,   227.76
  601.53,   598.21,   351.32
  593.45,   730.54,   104.76
  594.93,   727.73,   229.50
  598.94,   724.71,   354.46
  726.58,   481.01,    99.49
  729.09,   477.28,   225.72
  730.16,   476.75,   347.43
  723.61,   606.99,   102.12
  725.50,   603.12,   227.42
  726.20,   600.98,   350.23
  719.80,   733.95,   102.99
  720.78,   730.41,   227.23
  722.26,   725.00,   352.78
  473.47,   474.32,   224.52
  470.22,   472.95,   348.40
  467.44,   471.23,   473.12
  473.95,   599.81,   225.02
  472.32,   599.22,   349.22
  470.56,   598.52,   474.48
  474.48,   725.77,   225.62
  474.63,   726.30,   350.06
  473.93,   726.71,   475.35
  599.00,   471.90,   228.62
  595.76,   471.89,   351.61
  592.34,   471.19,   475.52
  599.64,   597.56,   228.71
  597.48,   597.65,   352.24
  595.11,   597.69,   476.77
  599.65,   724.46,   227.73
  599.26,   724.19,   352.68
  598.36,   724.31,   478.56
  724.92,   469.63,   233.45
  721.60,   471.74,   355.12
  717.48,   472.75,   478.02
  725.85,   595.29,   232.70
  722.16,   596.05,   355.36
  718.52,   596.75,   478.93
  725.63,   722.54,   229.91
  722.64,   720.01,   355.32
  720.44,   719.27,   480.96
  474.53,   472.66,   349.07
  471.58,   472.42,   473.79
  469.43,   472.73,   599.45
  475.53,   598.94,   348.40
  473.62,   599.76,   473.65
  470.73,   600.61,   599.56
  476.70,   726.01,   347.76
  475.88,   727.92,   473.03
  472.54,   729.43,   599.56
  600.09,   472.77,   352.49
  596.50,   473.60,   476.36
  593.65,   473.83,   601.61
  600.69,   598.51,   351.62
  598.16,   600.05,   476.14
  595.29,   601.32,   601.79
  601.32,   725.02,   350.55
  600.29,   726.60,   476.43
  597.68,   728.67,   603.05
  725.92,   473.78,   356.14
  721.60,   476.30,   479.03
  718.02,   476.24,   604.54
  725.35,   598.01,   354.91
  721.53,   600.15,   478.48
  719.45,   601.64,   603.74
  724.73,   721.97,   353.34
  722.35,   722.59,   479.01
  721.91,   725.81,   604.84
  475.62,   471.22,   471.60
  473.12,   468.22,   597.19
  470.87,   466.18,   723.16
  478.95,   598.50,   474.75
  475.68,   596.03,   600.60
  471.55,   593.63,   726.36
  482.53,   726.67,   477.46
  478.76,   724.84,   603.99
  473.45,   722.18,   730.44
  600.55,   471.11,   474.49
  597.33,   468.03,   599.68
  595.17,   465.05,   726.07
  603.39,   597.45,   477.49
  600.16,   595.40,   603.05
  596.87,   592.92,   729.50
  606.77,   723.84,   481.14
  603.82,   722.68,   607.65
  599.76,   720.92,   733.64
  725.68,   472.47,   477.47
  721.72,   469.15,   603.00
  719.35,   464.60,   729.90
  726.75,   596.31,   480.11
  724.31,   594.48,   605.32
  723.09,   591.89,   732.04
  728.78,   718.57,   483.89
  728.11,   718.66,   609.56
  727.08,   718.73,   734.99
  476.37,   473.09,   600.60
  473.81,   469.93,   726.52
  471.16,   467.95,   851.24
  474.28,   600.91,   605.05
  469.83,   597.35,   730.76
  466.75,   594.37,   854.67
  472.60,   729.64,   609.44
  466.99,   725.77,   735.81
  463.19,   721.23,   859.33
  600.55,   477.62,   603.47
  598.09,   473.50,   729.86
  595.52,   470.64,   855.30
  598.85,   604.97,   608.01
  595.17,   601.36,   734.38
  591.32,   597.45,   858.32
  597.81,   732.26,   613.65
  593.30,   729.29,   739.49
  588.60,   724.57,   861.49
  724.88,   483.28,   607.08
  722.43,   477.65,   734.01
  720.01,   473.75,   860.10
  723.12,   608.46,   610.64
  721.64,   605.02,   737.27
  717.07,   600.69,   863.10
  722.35,   732.73,   616.09
  720.67,   731.73,   741.24
  714.27,   727.47,   864.62
  474.47,   601.58,    98.83
  472.83,   602.86,   223.58
  472.71,   603.94,   347.80
  475.99,   727.12,    97.23
  474.53,   728.77,   222.55
  476.15,   730.96,   347.02
  478.82,   851.89,    95.86
  478.84,   853.57,   221.63
  479.43,   855.91,   346.50
  599.79,   598.61,   100.91
  598.53,   599.44,   225.84
  597.85,   601.16,   349.42
  601.37,   724.78,    98.49
  599.69,   726.31,   223.21
  600.73,   727.65,   348.18
  604.78,   849.63,    96.84
  603.20,   851.63,   220.97
  603.40,   852.54,   347.03
  725.82,   595.40,   103.17
  724.78,   595.97,   228.45
  722.56,   598.30,   351.15
  727.67,   722.42,    99.77
  725.75,   723.30,   223.96
  724.19,   722.34,   349.37
  730.92,   847.74,    97.50
  727.80,   849.09,   220.35
  726.72,   847.57,   346.90
  473.75,   601.89,   225.94
  473.43,   600.37,   350.16
  472.94,   598.75,   475.44
  470.74,   727.83,   227.43
  472.18,   727.43,   351.88
  472.72,   726.90,   477.19
  470.28,   852.61,   229.09
  470.69,   852.52,   353.86
  469.94,   852.63,   479.35
  599.40,   603.28,   228.34
  598.59,   602.42,   351.95
  597.53,   601.54,   476.51
  595.83,   730.18,   228.23
  596.82,   728.99,   353.25
  597.22,   728.15,   479.19
  594.77,   855.36,   228.71
  594.81,   853.92,   354.76
  594.61,   853.07,   481.61
  725.59,   604.64,   230.96
  723.21,   604.26,   353.81
  720.89,   603.99,   477.45
  721.72,   731.94,   228.96
  720.16,   728.32,   354.58
  719.33,   726.53,   480.38
  719.22,   857.37,   228.16
  718.09,   853.59,   354.79
  718.26,   850.98,   482.41
  476.18,   601.82,   350.93
  479.76,   599.89,   476.17
  482.29,   597.96,   602.02
  473.88,   728.87,   353.08
  478.48,   728.01,   478.41
  480.56,   726.71,   605.00
  471.30,   853.89,   355.52
  474.58,   853.67,   481.04
  476.46,   852.91,   607.41
  601.26,   604.97,   348.71
  604.23,   603.77,   473.20
  606.82,   602.34,   598.75
  598.37,   731.50,   350.41
  602.80,   730.19,   476.34
  605.68,   729.42,   602.92
  595.31,   856.36,   352.35
  599.10,   855.01,   479.16
  601.92,   854.49,   605.98
  725.88,   607.83,   346.61
  727.50,   607.20,   470.16
  730.85,   606.10,   595.22
  721.70,   732.02,   347.64
  724.77,   729.54,   473.44
  729.76,   729.87,   599.16
  718.57,   857.33,   348.22
  722.72,   854.15,   475.77
  726.80,   853.21,   602.75
  473.97,   599.03,   473.73
  471.76,   602.21,   599.63
  468.51,   605.44,   725.47
  474.34,   727.12,   470.79
  471.71,   730.96,   597.30
  467.38,   733.99,   723.91
  472.22,   852.73,   468.26
  469.20,   856.90,   594.49
  465.72,   860.14,   720.09
  598.54,   601.26,   475.54
  596.36,   604.85,   601.20
  593.94,   608.06,   727.70
  598.80,   727.77,   473.51
  596.87,   732.10,   600.15
  593.73,   735.98,   726.30
  596.80,   852.59,   471.16
  594.66,   857.10,   597.96
  591.67,   861.39,   723.16
  721.90,   603.18,   477.23
  720.53,   606.98,   602.47
  720.42,   610.31,   729.10
  720.87,   725.60,   475.45
  721.05,   731.00,   601.32
  720.98,   736.77,   726.69
  720.37,   850.04,   472.65
  719.60,   854.28,   599.69
  717.77,   860.02,   723.64
  473.88,   598.89,   600.11
  476.11,   597.93,   725.92
  479.56,   597.41,   849.99
  476.00,   727.72,   602.03
  477.13,   726.52,   728.59
  479.79,   724.51,   852.25
  475.75,   853.93,   603.49
  477.72,   853.07,   729.31
  480.90,   850.52,   853.39
  598.42,   599.30,   596.17
  601.53,   598.31,   722.61
  604.40,   596.93,   847.21
  601.12,   726.56,   599.29
  603.57,   726.25,   725.39
  605.56,   724.40,   848.02
  601.31,   851.70,   601.46
  603.89,   851.91,   726.65
  606.21,   849.99,   849.04
  722.39,   599.33,   592.00
  727.69,   598.31,   718.55
  730.67,   596.63,   845.01
  725.07,   723.23,   594.91
  730.77,   724.81,   720.28
  731.98,   723.81,   844.31
  726.20,   846.55,   597.59
  730.22,   848.36,   721.47
  732.08,   848.52,   843.65
  596.59,   101.71,   100.92
  593.79,   103.85,   225.58
  592.40,   105.39,   351.14
  596.51,   226.53,    99.66
  593.74,   229.32,   224.23
  591.97,   230.78,   349.26
  597.41,   350.72,    98.98
  594.89,   352.94,   223.62
  591.89,   354.60,   347.26
  721.95,   102.42,   103.23
  718.60,   104.39,   227.81
  716.74,   104.96,   354.09
  720.93,   227.57,   101.45
  718.31,   229.17,   227.12
  716.96,   230.49,   352.78
  722.10,   351.02,   101.75
  720.27,   352.57,   228.04
  717.80,   355.65,   351.12
  848.51,   104.04,   105.42
  844.54,   105.26,   230.25
  841.86,   105.11,   356.62
  846.85,   229.47,   103.39
  843.98,   229.74,   229.59
  842.32,   230.49,   355.54
  847.40,   351.63,   103.80
  845.59,   352.76,   230.49
  842.92,   356.17,   354.00
  599.94,   101.01,   224.23
  599.36,   104.26,   349.79
  598.39,   107.93,   475.55
  602.52,   226.45,   221.15
  601.67,   229.63,   346.24
  601.06,   232.61,   471.67
  606.48,   349.97,   219.02
  604.46,   353.49,   342.65
  602.17,   356.27,   466.74
  724.92,    98.80,   225.72
  723.72,   101.12,   351.89
  722.54,   104.06,   478.05
  727.04,   223.59,   223.14
  726.60,   226.59,   348.93
  726.12,   229.36,   474.92
  731.80,   346.89,   222.51
  730.33,   351.71,   345.72
  727.90,   356.08,   469.40
  850.99,    96.92,   227.36
  848.90,    98.71,   353.55
  847.39,   101.28,   479.37
  852.81,   221.69,   224.73
  852.02,   223.96,   350.73
  850.81,   226.81,   476.88
  857.01,   344.53,   223.78
  855.28,   349.34,   347.60
  852.55,   354.14,   471.88
  600.62,    98.68,   350.94
  602.29,    98.50,   476.67
  603.83,    98.53,   602.24
  603.58,   224.19,   351.14
  605.91,   223.40,   476.78
  607.53,   222.24,   602.93
  606.96,   348.12,   351.19
  607.63,   347.12,   475.51
  608.71,   345.49,   601.21
  724.96,    94.91,   350.04
  726.34,    94.19,   475.99
  727.65,    94.70,   600.97
  728.43,   220.42,   350.87
  730.85,   219.25,   477.10
  731.89,   218.62,   602.87
  732.80,   345.67,   351.32
  733.32,   346.11,   475.32
  733.44,   344.68,   601.35
  850.13,    91.92,   348.74
  851.24,    90.91,   474.27
  852.34,    91.22,   598.83
  853.83,   217.12,   349.68
  855.52,   216.02,   475.95
  855.84,   216.26,   601.27
  857.73,   342.53,   350.27
  857.91,   343.30,   474.82
  857.74,   342.62,   600.83
  602.09,    99.53,   474.10
  600.00,   100.29,   599.67
  597.08,   100.88,   724.68
  600.68,   224.49,   473.39
  598.63,   224.02,   599.46
  595.90,   224.29,   725.45
  597.41,   348.06,   471.40
  594.85,   347.08,   596.98
  593.12,   346.63,   723.28
  726.29,   100.10,   477.32
  723.97,   101.33,   602.33
  721.91,   102.68,   726.25
  725.68,   225.38,   477.37
  723.04,   225.41,   603.14
  719.40,   227.40,   727.66
  723.07,   352.08,   474.81
  719.54,   351.29,   600.72
  716.23,   350.33,   726.91
  851.29,   101.63,   479.47
  848.58,   102.85,   604.05
  845.94,   104.65,   728.03
  850.34,   227.19,   480.05
  846.89,   228.01,   605.46
  842.68,   230.38,   729.55
  847.74,   354.66,   478.03
  843.84,   354.53,   604.07
  840.26,   353.71,   730.01
  601.92,   102.06,   600.28
  599.59,   104.27,   725.33
  597.15,   105.69,   849.33
  603.49,   225.75,   598.51
  601.26,   227.62,   724.44
  598.98,   230.29,   848.70
  602.68,   348.99,   594.50
  601.37,   350.04,   720.76
  600.37,   352.91,   846.05
  725.82,   100.14,   602.34
  724.33,   103.06,   726.29
  722.65,   105.53,   849.40
  727.92,   224.18,   601.70
  724.75,   227.79,   726.18
  722.05,   231.48,   848.71
  727.46,   350.25,   597.78
  724.56,   350.86,   723.97
  723.12,   352.95,   848.47
  850.46,    98.72,   603.44
  848.41,   101.99,   727.53
  846.37,   104.74,   852.10
  851.83,   223.85,   603.42
  848.14,   227.82,   727.54
  845.28,   231.28,   849.89
  851.78,   350.31,   600.58
  848.72,   351.21,   726.46
  847.01,   353.56,   850.17
  599.17,   225.71,    99.10
  595.54,   225.39,   223.64
  592.99,   223.73,   348.70
  598.85,   349.92,   101.56
  595.46,   349.03,   226.12
  591.66,   347.56,   349.78
  597.94,   474.67,   103.47
  594.46,   473.01,   228.13
  590.23,   471.88,   351.13
  723.59,   227.95,   101.74
  720.09,   226.40,   227.36
  717.90,   224.55,   353.05
  723.54,   351.35,   105.25
  720.84,   349.84,   231.37
  717.52,   349.74,   354.44
  723.35,   475.45,   108.28
  720.36,   473.77,   233.98
  716.03,   474.77,   355.63
  849.48,   230.99,   104.59
  845.79,   228.15,   230.70
  843.27,   225.71,   356.65
  848.83,   353.07,   108.19
  846.14,   351.19,   234.67
  842.62,   351.45,   358.17
  848.58,   476.33,   111.62
  845.62,   475.20,   237.45
  840.77,   476.94,   359.48
  596.87,   225.07,   224.46
  597.54,   223.86,   349.62
  598.53,   222.50,   475.22
  598.76,   348.71,   226.55
  598.21,   347.75,   350.28
  597.56,   346.04,   474.63
  599.75,   472.67,   228.20
  598.76,   472.13,   351.22
  597.56,   470.95,   475.12
  721.43,   224.17,   224.89
  722.46,   222.75,   350.70
  723.54,   220.99,   476.87
  724.15,   347.59,   228.54
  724.12,   347.98,   351.75
  723.28,   347.69,   475.74
  725.71,   471.48,   230.84
  724.65,   473.06,   352.55
  722.76,   473.65,   475.41
  847.17,   224.11,   224.93
  847.88,   222.05,   350.96
  848.25,   220.38,   477.23
  849.46,   347.06,   228.48
  849.21,   347.61,   352.17
  848.03,   347.87,   476.62
  850.98,   470.94,   230.92
  849.38,   473.03,   353.18
  847.18,   474.16,   476.33
  598.46,   224.61,   349.67
  597.19,   224.51,   475.21
  595.26,   223.94,   601.31
  601.11,   348.51,   349.16
  598.19,   348.05,   473.43
  595.76,   346.99,   599.03
  603.64,   472.89,   348.92
  600.18,   473.02,   472.73
  597.44,   472.47,   597.94
  723.35,   221.55,   353.02
  722.20,   221.06,   479.16
  719.71,   221.06,   604.91
  726.96,   346.79,   352.84
  723.87,   347.75,   476.80
  720.48,   346.87,   602.75
  729.47,   471.89,   352.46
  725.31,   473.74,   475.26
  721.82,   472.97,   600.75
  848.73,   218.87,   355.53
  846.85,   218.45,   481.82
  843.56,   219.26,   607.13
  851.95,   344.47,   355.44
  848.56,   345.95,   479.96
  844.80,   345.77,   606.01
  854.04,   469.85,   355.24
  849.65,   472.21,   478.45
  846.32,   471.47,   604.21
  601.08,   226.62,   475.19
  600.80,   226.01,   601.31
  599.83,   226.23,   727.29
  597.60,   350.19,   473.33
  596.82,   349.13,   598.96
  596.86,   348.58,   725.29
  595.15,   475.09,   472.64
  594.09,   474.56,   597.87
  594.01,   474.12,   724.30
  726.10,   227.76,   477.37
  725.22,   227.64,   603.18
  723.30,   229.52,   727.73
  723.29,   354.46,   474.95
  721.52,   353.57,   600.89
  719.98,   352.48,   727.15
  720.28,   480.26,   473.47
  718.48,   479.57,   598.91
  718.37,   477.60,   725.87
  850.78,   229.78,   478.26
  849.12,   230.47,   603.70
  846.68,   232.66,   727.87
  847.99,   357.23,   476.38
  845.86,   356.98,   602.44
  844.09,   356.01,   728.42
  844.66,   483.38,   474.91
  843.01,   482.64,   600.60
  843.14,   480.12,   727.50
  600.21,   223.94,   603.12
  599.43,   225.96,   729.05
  598.60,   228.73,   853.23
  598.85,   347.07,   598.97
  599.05,   348.32,   725.26
  599.50,   351.42,   850.48
  598.67,   472.54,   596.01
  598.81,   473.89,   722.44
  598.83,   476.30,   848.16
  724.65,   222.93,   604.79
  722.95,   226.70,   729.24
  721.74,   230.47,   851.72
  723.60,   348.85,   600.76
  722.20,   349.66,   726.94
  722.26,   351.95,   851.39
  723.11,   474.96,   596.91
  723.15,   474.75,   723.83
  723.48,   476.03,   850.22
  848.57,   223.08,   605.07
  846.34,   227.23,   729.13
  844.97,   230.79,   851.46
  847.96,   349.57,   602.08
  846.34,   350.58,   727.95
  846.13,   353.09,   851.63
  847.65,   475.30,   598.44
  847.89,   474.64,   725.27
  848.33,   476.36,   850.84
  598.64,   349.48,   100.01
  602.27,   346.94,   224.64
  605.59,   343.91,   348.34
  602.92,   474.15,   103.59
  606.52,   470.76,   228.41
  609.36,   468.22,   351.31
  605.87,   599.86,   106.17
  609.30,   596.32,   231.02
  613.06,   593.75,   354.45
  723.18,   345.99,    96.29
  727.48,   342.72,   222.66
  731.34,   340.89,   345.97
  728.15,   470.06,   100.97
  732.38,   466.44,   227.18
  735.21,   465.99,   348.85
  731.85,   595.87,   103.67
  735.48,   592.04,   228.99
  737.73,   590.23,   351.53
  848.36,   342.99,    91.81
  852.61,   339.17,   218.55
  856.27,   337.26,   342.39
  853.15,   466.11,    96.82
  857.47,   462.78,   223.13
  859.73,   462.48,   345.56
  856.70,   591.80,    99.89
  860.56,   588.37,   225.13
  862.29,   587.20,   348.02
  599.89,   348.76,   227.12
  602.72,   350.10,   350.83
  605.38,   350.75,   475.10
  601.19,   472.70,   226.49
  603.57,   474.50,   349.50
  605.71,   475.80,   473.29
  600.98,   598.38,   224.78
  604.39,   600.21,   348.32
  607.55,   602.07,   472.77
  725.23,   347.30,   225.78
  728.60,   349.99,   349.01
  731.08,   352.18,   472.85
  727.11,   471.13,   225.85
  729.45,   475.01,   347.59
  730.87,   478.12,   470.27
  727.24,   596.89,   223.27
  729.13,   599.28,   345.98
  730.88,   601.73,   469.42
  850.48,   346.46,   222.35
  853.60,   349.20,   346.06
  855.71,   351.80,   470.36
  852.35,   470.21,   222.56
  854.12,   474.46,   344.90
  855.18,   477.95,   467.90
  852.51,   595.99,   220.08
  853.77,   598.98,   343.02
  855.00,   601.76,   466.14
  600.75,   348.50,   350.04
  598.20,   349.70,   474.29
  596.13,   350.31,   599.87
  601.55,   472.87,   348.09
  598.49,   474.67,   471.91
  596.13,   475.84,   597.11
  602.30,   598.57,   346.31
  600.32,   601.05,   470.76
  598.03,   603.28,   596.38
  726.63,   348.56,   353.34
  723.89,   351.23,   477.25
  720.84,   352.02,   603.16
  727.41,   473.60,   351.27
  723.63,   477.14,   474.04
  720.53,   478.10,   599.47
  727.05,   597.84,   349.10
  723.70,   600.90,   472.60
  722.10,   603.33,   597.78
  851.66,   348.01,   355.58
  848.59,   351.22,   480.02
  845.19,   352.70,   606.04
  852.04,   473.36,   353.69
  847.99,   477.43,   476.82
  845.06,   478.38,   602.51
  851.59,   597.76,   351.25
  847.69,   601.03,   474.47
  846.48,   602.30,   599.73
  598.02,   350.01,   475.76
  598.79,   351.98,   601.34
  600.36,   354.46,   727.60
  597.59,   474.96,   472.05
  598.09,   477.53,   597.24
  599.55,   480.16,   723.65
  598.72,   601.32,   469.58
  599.29,   604.92,   595.19
  599.71,   608.15,   721.70
  723.74,   352.24,   475.84
  723.52,   354.44,   601.72
  723.51,   356.35,   727.93
  722.78,   478.08,   471.33
  722.50,   480.50,   596.70
  723.98,   481.58,   723.60
  722.14,   601.79,   468.58
  723.33,   605.59,   593.70
  726.08,   608.88,   720.27
  848.49,   352.91,   475.72
  847.90,   355.76,   601.68
  847.72,   357.84,   727.60
  847.20,   479.06,   471.23
  847.04,   481.42,   596.82
  848.75,   481.95,   723.63
  846.14,   602.58,   467.59
  847.65,   605.26,   592.73
  851.28,   607.10,   719.20
  601.07,   347.29,   601.21
  602.34,   346.31,   727.54
  603.85,   347.19,   852.72
  600.41,   472.77,   600.52
  601.65,   471.80,   727.00
  602.77,   471.98,   852.67
  601.64,   600.16,   601.93
  601.82,   599.76,   728.45
  601.68,   598.98,   852.83
  725.80,   349.57,   601.89
  725.47,   348.13,   728.11
  726.58,   348.23,   852.48
  724.83,   475.65,   600.34
  725.97,   473.13,   727.33
  727.37,   472.20,   853.65
  725.79,   600.85,   600.73
  728.18,   600.43,   727.42
  727.82,   599.33,   853.73
  850.16,   350.75,   602.08
  849.66,   349.51,   727.97
  850.50,   349.83,   851.60
  849.38,   476.41,   600.77
  850.72,   473.48,   727.63
  852.19,   473.10,   853.07
  850.18,   600.36,   600.14
  853.36,   598.59,   726.73
  853.33,   598.60,   852.83
  600.88,   475.69,   102.23
  604.50,   473.49,   227.09
  607.36,   472.13,   350.04
  601.59,   601.50,   103.62
  605.00,   599.17,   228.53
  608.85,   597.77,   352.03
  601.75,   727.72,   104.20
  604.88,   726.10,   228.87
  610.41,   724.13,   353.86
  726.17,   473.81,    99.67
  730.42,   471.32,   225.94
  733.23,   472.04,   347.65
  727.58,   599.76,   101.13
  731.23,   597.09,   226.50
  733.54,   596.32,   349.18
  728.12,   726.76,   100.79
  730.85,   724.44,   224.98
  733.75,   720.19,   350.38
  851.23,   472.00,    95.65
  855.59,   469.82,   222.03
  857.82,   470.78,   344.43
  852.54,   597.90,    97.50
  856.41,   595.59,   222.76
  858.15,   595.45,   345.71
  852.99,   725.32,    97.91
  855.94,   722.91,   221.79
  858.86,   719.76,   346.23
  600.93,   474.69,   227.83
  599.04,   477.04,   350.82
  596.97,   478.78,   474.71
  601.54,   600.37,   225.56
  600.73,   602.80,   349.12
  599.75,   605.23,   473.66
  601.50,   727.28,   222.18
  602.39,   729.29,   347.16
  602.89,   731.66,   473.11
  726.89,   472.42,   231.37
  724.90,   476.88,   353.05
  722.07,   480.33,   475.88
  727.81,   598.13,   228.24
  725.42,   601.11,   350.96
  723.07,   604.07,   474.54
  727.57,   725.50,   223.00
  725.86,   725.16,   348.44
  724.91,   726.41,   474.17
  852.12,   470.82,   232.33
  849.58,   475.79,   354.58
  846.46,   479.78,   477.71
  853.06,   596.49,   229.30
  849.98,   600.11,   352.19
  847.06,   603.29,   475.45
  852.76,   723.73,   224.54
  850.83,   724.09,   349.07
  849.37,   725.08,   474.03
  598.35,   473.34,   349.89
  594.53,   475.88,   473.72
  591.45,   477.87,   598.92
  596.48,   599.04,   347.25
  593.80,   602.30,   471.74
  590.73,   605.33,   597.38
  594.62,   725.62,   344.36
  593.49,   728.94,   470.17
  590.67,   732.70,   596.80
  724.15,   476.78,   353.75
  719.60,   481.03,   476.55
  715.79,   482.78,   601.96
  721.17,   600.98,   350.75
  717.16,   604.77,   474.32
  714.84,   608.07,   599.54
  718.14,   725.17,   347.32
  715.60,   727.37,   473.07
  714.79,   732.19,   598.99
  848.76,   479.33,   356.91
  843.92,   484.17,   480.00
  840.30,   485.84,   605.67
  845.62,   603.52,   353.61
  840.99,   607.46,   476.86
  839.20,   609.67,   602.07
  842.87,   727.24,   349.61
  839.65,   728.90,   474.65
  839.12,   732.10,   600.25
  600.58,   475.10,   473.19
  600.33,   473.09,   598.42
  601.12,   471.09,   724.87
  604.85,   601.44,   475.22
  604.64,   600.45,   600.83
  604.41,   599.02,   727.34
  609.56,   727.71,   477.85
  609.71,   727.52,   604.44
  608.84,   726.89,   730.46
  725.73,   475.06,   473.18
  724.73,   472.87,   598.67
  725.36,   469.31,   725.64
  728.18,   598.82,   474.84
  728.69,   598.03,   600.02
  730.64,   596.51,   726.71
  731.51,   720.97,   477.55
  733.82,   721.88,   603.23
  736.12,   723.09,   728.63
  850.10,   472.74,   473.82
  849.23,   470.57,   599.56
  850.01,   466.65,   726.41
  852.24,   596.50,   474.59
  853.03,   594.50,   599.93
  855.65,   591.56,   726.55
  856.18,   718.53,   476.15
  858.15,   717.15,   601.81
  860.93,   717.07,   726.95
  600.87,   475.32,   596.73
  602.41,   473.45,   723.18
  603.88,   472.65,   848.95
  602.15,   602.69,   599.05
  602.65,   601.41,   725.55
  602.83,   599.72,   850.03
  604.14,   729.87,   602.51
  603.95,   729.32,   728.58
  603.26,   727.13,   851.10
  725.31,   478.22,   596.18
  726.75,   474.83,   723.15
  728.49,   472.90,   849.57
  726.25,   603.31,   597.51
  728.98,   602.07,   724.14
  729.05,   600.10,   850.51
  728.28,   727.23,   600.73
  731.26,   728.60,   726.08
  729.51,   727.18,   850.00
  849.84,   478.97,   596.27
  851.50,   475.16,   723.13
  853.31,   473.75,   848.68
  850.62,   602.85,   596.57
  854.12,   600.21,   723.13
  854.54,   599.28,   849.23
  852.64,   725.39,   598.47
  856.30,   725.79,   723.49
  854.83,   726.12,   848.48
  600.90,   601.35,   101.39
  601.47,   602.10,   226.34
  602.64,   603.76,   349.93
  596.31,   727.48,    99.01
  596.50,   728.98,   223.75
  599.42,   730.27,   348.74
  593.58,   852.26,    97.49
  594.05,   854.18,   221.75
  596.07,   855.17,   347.72
  726.87,   604.37,   101.63
  727.66,   604.83,   226.91
  727.24,   606.89,   349.77
  722.58,   731.31,    98.29
  722.42,   732.22,   222.38
  722.80,   731.03,   347.96
  719.89,   856.25,    96.35
  718.62,   857.67,   219.13
  719.37,   856.39,   345.60
  851.84,   607.31,   100.76
  852.84,   608.14,   225.89
  851.77,   610.74,   348.95
  847.55,   734.82,    98.06
  847.61,   735.48,   221.80
  847.71,   734.69,   346.54
  844.37,   860.88,    96.33
  843.86,   861.61,   219.72
  845.26,   859.89,   345.22
  599.25,   600.36,   225.92
  598.92,   600.19,   349.51
  598.35,   600.00,   474.04
  595.97,   727.27,   225.13
  597.42,   726.76,   350.11
  598.34,   726.59,   476.02
  595.13,   852.55,   224.88
  595.74,   851.77,   350.90
  596.11,   851.53,   477.76
  725.48,   601.39,   228.07
  723.61,   601.75,   350.88
  721.75,   602.18,   474.47
  721.94,   728.76,   225.38
  720.84,   725.87,   350.93
  720.43,   724.68,   476.68
  719.69,   854.33,   223.80
  719.02,   851.15,   350.40
  719.70,   849.12,   478.00
  850.74,   603.01,   228.65
  848.15,   603.93,   351.63
  845.71,   604.57,   474.92
  847.19,   730.28,   226.32
  845.68,   727.77,   351.04
  844.70,   726.18,   476.10
  844.95,   856.55,   225.86
  844.90,   852.92,   351.39
  845.23,   849.44,   478.19
  601.37,   601.44,   349.67
  599.85,   600.72,   474.17
  597.98,   599.71,   599.78
  600.30,   727.98,   350.79
  600.27,   727.26,   476.71
  598.65,   727.03,   603.31
  599.04,   852.94,   352.10
  598.47,   852.16,   478.98
  596.78,   852.26,   605.82
  726.03,   602.54,   351.95
  723.22,   602.43,   475.54
  722.13,   601.72,   600.74
  723.69,   726.57,   352.54
  722.35,   724.88,   478.29
  722.90,   725.84,   604.09
  722.36,   851.86,   352.55
  722.10,   849.30,   480.16
  721.78,   849.20,   607.12
  850.54,   604.31,   353.61
  847.21,   604.38,   476.92
  846.54,   602.52,   602.23
  848.59,   728.16,   353.58
  846.70,   726.04,   478.63
  847.30,   725.13,   604.24
  848.32,   853.22,   354.59
  847.66,   849.20,   481.31
  846.26,   847.64,   607.13
  602.14,   602.50,   474.06
  601.25,   601.99,   599.69
  600.27,   601.04,   726.20
  600.14,   728.98,   476.14
  599.51,   729.20,   602.78
  597.75,   728.93,   728.89
  595.87,   853.85,   477.92
  595.13,   854.37,   604.76
  593.53,   854.61,   729.98
  725.43,   606.54,   474.49
  725.38,   606.36,   599.68
  726.65,   605.53,   726.33
  722.18,   728.94,   476.78
  723.71,   730.34,   602.62
  725.04,   732.04,   727.97
  719.48,   853.52,   478.11
  720.03,   853.72,   605.13
  719.69,   855.55,   728.97
  849.41,   610.89,   474.87
  849.77,   609.50,   600.18
  851.93,   607.42,   726.70
  846.55,   732.47,   476.17
  848.08,   732.00,   601.82
  850.33,   733.17,   726.68
  845.02,   855.78,   478.34
  844.45,   854.54,   604.21
  844.48,   857.24,   727.06
  600.14,   599.43,   600.87
  597.38,   596.19,   727.29
  594.41,   592.66,   851.64
  601.72,   726.69,   606.19
  598.19,   724.16,   732.18
  594.31,   719.99,   854.57
  600.79,   851.87,   610.49
  597.46,   849.99,   735.55
  593.96,   845.63,   857.84
  724.29,   600.48,   602.60
  723.68,   597.26,   729.25
  720.38,   593.35,   855.42
  726.03,   724.60,   607.66
  725.53,   723.99,   733.01
  720.30,   720.37,   856.80
  725.85,   847.89,   612.48
  723.87,   847.80,   736.06
  719.45,   845.17,   858.41
  848.73,   600.30,   604.92
  848.99,   595.91,   731.48
  845.93,   593.17,   857.67
  850.46,   722.97,   608.63
  850.90,   721.75,   733.57
  845.61,   719.88,   858.83
  850.27,   845.50,   613.18
  848.81,   846.32,   735.86
  845.00,   845.18,   860.11
