27, 125, pa2-debug-c-output1.txt
  191.44,   191.33,   204.49
  396.39,   407.05,   202.70
   97.87,   100.79,    99.58
  101.47,   101.13,   224.56
  105.27,   101.07,   349.70
  101.50,   225.67,    99.45
  105.06,   225.93,   224.27
  108.84,   225.90,   349.28
  105.45,   350.21,    99.34
  108.83,   350.51,   224.15
  112.33,   351.05,   348.86
  222.81,    97.22,    96.27
  226.36,    97.58,   221.21
  230.23,    97.74,   346.31
  226.47,   222.09,    95.98
  229.94,   222.29,   220.82
  233.75,   222.38,   345.90
  230.45,   346.82,    95.64
  233.83,   347.00,   220.56
  237.27,   347.32,   345.42
  348.26,    93.44,    93.04
  351.56,    93.79,   218.07
  354.99,    94.04,   342.94
  351.50,   218.36,    92.52
  354.89,   218.55,   217.48
  358.49,   219.06,   342.49
  355.12,   343.43,    92.24
  358.50,   343.61,   217.08
  361.87,   343.90,   342.10
  101.11,    99.65,   224.54
   99.63,    96.67,   349.67
   97.95,    93.91,   474.68
   98.76,   224.44,   227.24
   97.24,   221.53,   352.24
   95.51,   218.78,   477.19
   96.55,   349.04,   230.12
   94.79,   346.74,   354.85
   93.03,   344.24,   479.71
  226.07,   102.02,   226.50
  224.68,    99.25,   351.60
  222.96,    96.59,   476.62
  223.73,   226.72,   229.09
  222.26,   223.86,   354.18
  220.49,   221.14,   479.22
  221.65,   351.44,   231.82
  219.83,   348.83,   356.66
  218.04,   346.18,   481.57
  351.29,   104.13,   228.63
  349.50,   101.50,   353.51
  347.57,    98.93,   478.40
  348.71,   228.94,   231.06
  347.05,   226.51,   356.08
  345.19,   224.11,   481.10
  346.39,   353.98,   233.66
  344.50,   351.32,   358.67
  342.63,   348.66,   483.67
  101.93,    98.56,   349.34
  100.63,   101.81,   474.33
   98.91,   105.35,   599.27
  100.63,   223.41,   345.88
   99.29,   226.71,   470.81
   97.61,   230.22,   595.86
   99.28,   348.57,   342.47
   97.90,   352.15,   467.29
   96.47,   355.52,   592.35
  227.00,   100.12,   350.81
  225.65,   103.47,   475.82
  223.74,   107.00,   600.81
  225.66,   224.74,   347.35
  224.28,   228.06,   472.37
  222.48,   231.78,   597.37
  224.33,   349.70,   343.82
  222.91,   353.10,   468.69
  221.44,   356.54,   593.80
  351.83,   101.35,   352.26
  350.29,   104.86,   477.13
  348.62,   108.43,   602.13
  350.48,   226.34,   348.80
  349.00,   230.00,   473.80
  347.28,   233.41,   598.73
  349.03,   351.17,   345.35
  347.52,   354.54,   470.35
  346.05,   357.85,   595.31
   98.76,   100.50,   474.49
  101.09,   104.16,   599.42
  102.87,   107.90,   724.33
  100.34,   225.38,   470.84
  102.71,   229.02,   595.87
  104.77,   233.03,   721.03
  101.87,   350.79,   467.17
  104.50,   354.28,   592.21
  106.98,   357.65,   717.49
  223.77,    99.15,   472.01
  225.94,   102.78,   596.97
  227.93,   106.49,   721.86
  225.31,   223.72,   468.43
  227.56,   227.56,   593.40
  229.61,   231.48,   718.37
  226.84,   348.74,   464.62
  229.40,   352.30,   589.70
  231.80,   355.77,   714.96
  348.38,    97.44,   469.35
  350.78,   101.13,   594.33
  353.32,   104.76,   719.36
  350.01,   222.63,   465.88
  352.35,   226.20,   590.80
  354.63,   229.51,   715.61
  351.44,   347.19,   462.31
  354.00,   350.63,   587.24
  356.62,   354.07,   712.08
   98.64,   100.28,   599.33
   95.12,    98.63,   724.25
   92.15,    96.56,   849.05
  100.63,   225.14,   601.22
   97.26,   223.78,   726.39
   94.25,   222.06,   851.04
  102.84,   350.43,   603.00
   99.90,   348.50,   728.29
   96.75,   346.38,   853.19
  223.45,    98.51,   602.20
  220.08,    96.78,   727.13
  217.43,    94.62,   852.24
  225.44,   223.35,   604.07
  222.08,   221.98,   729.06
  219.23,   220.20,   854.06
  227.72,   348.09,   605.82
  224.68,   346.24,   731.11
  221.78,   344.61,   855.88
  348.29,    96.45,   604.89
  345.50,    94.75,   729.99
  342.92,    92.91,   855.08
  350.22,   221.56,   606.76
  347.10,   219.56,   731.61
  344.33,   217.68,   856.44
  352.33,   346.03,   608.63
  349.53,   344.16,   733.50
  346.75,   342.48,   858.33
  100.69,   223.72,   100.81
  100.13,   224.96,   225.69
   99.75,   225.98,   350.73
  101.96,   348.28,    99.82
  101.20,   349.59,   224.67
  100.56,   351.20,   349.43
  103.03,   473.11,    98.57
  102.10,   474.50,   223.53
  101.33,   476.45,   348.11
  225.74,   222.83,   101.46
  225.12,   224.02,   226.37
  224.79,   225.09,   351.48
  227.06,   347.58,   100.25
  226.32,   348.78,   225.21
  225.62,   350.10,   350.08
  228.10,   472.56,    99.04
  227.31,   473.87,   224.05
  226.44,   475.37,   348.68
  350.85,   221.77,   102.16
  350.15,   223.00,   227.17
  349.61,   224.51,   352.22
  351.83,   346.89,   100.97
  351.08,   348.09,   225.87
  350.32,   349.37,   350.91
  352.83,   471.99,    99.81
  352.03,   473.25,   224.61
  351.03,   474.33,   349.57
   97.92,   224.28,   225.42
   99.46,   225.76,   350.45
  100.80,   227.39,   475.42
   99.46,   348.90,   223.93
  100.75,   350.96,   348.68
  102.06,   352.84,   473.54
  100.84,   473.79,   222.31
  101.99,   476.20,   346.88
  103.30,   478.14,   471.69
  222.88,   222.85,   224.18
  224.49,   224.38,   349.29
  225.78,   226.05,   474.35
  224.57,   347.58,   222.54
  225.80,   349.37,   347.41
  227.06,   351.11,   472.33
  226.05,   472.66,   220.91
  227.10,   474.62,   345.54
  228.25,   476.32,   470.36
  347.91,   221.32,   223.06
  349.31,   223.27,   348.10
  350.50,   225.29,   473.15
  349.33,   346.39,   221.29
  350.50,   348.14,   346.32
  351.67,   349.87,   471.36
  350.77,   471.54,   219.56
  351.69,   473.10,   344.51
  352.79,   474.64,   469.53
   99.18,   223.39,   348.67
   98.16,   223.02,   473.65
   96.80,   222.85,   598.75
   98.41,   348.62,   348.92
   97.37,   348.50,   473.80
   96.25,   348.19,   598.93
   97.60,   473.88,   349.15
   96.56,   473.82,   473.99
   95.58,   473.25,   599.17
  224.22,   224.08,   349.84
  223.17,   223.74,   474.92
  221.67,   223.81,   599.97
  223.48,   349.09,   349.98
  222.39,   348.82,   474.92
  221.22,   348.61,   600.10
  222.70,   474.38,   350.12
  221.53,   474.06,   474.96
  220.50,   473.56,   600.21
  349.05,   225.06,   351.00
  347.89,   225.05,   476.05
  346.49,   224.81,   601.03
  348.18,   349.94,   351.23
  347.01,   349.65,   476.28
  345.86,   349.31,   601.28
  347.31,   474.91,   351.43
  346.09,   474.45,   476.45
  345.18,   474.08,   601.51
   98.46,   226.52,   475.85
   97.79,   223.18,   600.92
   96.78,   220.19,   726.09
   95.87,   351.96,   479.18
   95.46,   348.45,   604.27
   94.90,   344.90,   729.53
   93.29,   477.19,   482.55
   93.01,   473.42,   607.70
   92.57,   469.36,   732.96
  223.44,   229.01,   476.48
  222.64,   225.91,   601.49
  221.65,   222.94,   726.49
  220.88,   354.04,   479.65
  220.41,   350.64,   604.81
  219.73,   347.17,   730.11
  218.23,   479.20,   482.87
  217.92,   475.51,   608.11
  217.55,   471.95,   733.52
  348.14,   232.09,   476.99
  347.45,   228.68,   601.92
  346.70,   225.07,   726.77
  345.47,   356.61,   480.38
  345.04,   353.10,   605.34
  344.61,   349.62,   730.23
  342.78,   481.36,   483.71
  342.59,   477.82,   608.75
  342.51,   474.47,   733.76
  101.35,   225.50,   600.13
   99.95,   222.26,   725.29
   98.90,   218.67,   849.94
  102.35,   350.76,   603.77
  101.39,   346.94,   729.05
  100.23,   342.96,   853.93
  103.20,   475.72,   607.47
  102.36,   471.42,   732.76
  101.27,   467.40,   857.66
  226.21,   224.92,   600.99
  224.83,   221.65,   725.96
  223.96,   218.00,   850.95
  227.28,   349.64,   604.60
  226.22,   345.90,   729.87
  225.31,   342.37,   854.64
  228.10,   474.51,   608.20
  227.37,   470.70,   733.58
  226.45,   467.26,   858.29
  351.04,   224.37,   601.71
  349.91,   220.47,   726.54
  349.10,   216.67,   851.34
  351.93,   348.80,   605.43
  351.12,   345.03,   730.28
  350.31,   341.45,   855.09
  352.79,   473.51,   609.14
  352.34,   469.89,   734.09
  351.47,   466.41,   858.95
  101.05,   348.50,   100.93
   99.02,   349.25,   225.77
   97.12,   350.31,   350.53
   98.29,   473.28,   100.21
   96.10,   474.12,   225.14
   94.08,   475.54,   349.73
   95.10,   598.59,    99.15
   92.89,   599.37,   224.27
   91.04,   600.46,   348.93
  226.11,   351.61,   102.60
  224.11,   352.25,   227.54
  222.14,   353.02,   352.40
  223.34,   476.56,   101.92
  221.27,   477.33,   226.90
  219.14,   478.28,   351.50
  220.24,   601.75,   101.21
  218.07,   602.66,   226.20
  215.98,   603.51,   350.74
  350.84,   354.75,   104.55
  348.83,   355.39,   229.44
  346.79,   356.10,   354.47
  348.03,   479.82,   103.89
  345.96,   480.51,   228.70
  343.70,   481.04,   353.63
  345.09,   604.74,   103.14
  343.01,   605.57,   227.91
  340.70,   606.17,   352.75
  100.91,   348.76,   223.56
  100.87,   349.87,   348.32
  100.85,   350.81,   473.21
   99.98,   473.66,   222.91
   99.81,   475.13,   347.50
   99.79,   476.13,   472.33
   98.76,   598.97,   222.03
   98.76,   600.13,   346.68
   98.77,   600.99,   471.54
  226.03,   349.77,   223.48
  225.93,   350.61,   348.36
  225.86,   351.40,   473.30
  225.20,   474.87,   222.81
  224.92,   475.88,   347.45
  224.75,   476.63,   472.29
  224.00,   600.23,   222.09
  223.74,   601.13,   346.65
  223.50,   601.80,   471.46
  350.80,   350.91,   223.54
  350.63,   351.70,   348.58
  350.47,   352.47,   473.64
  349.93,   476.07,   222.77
  349.52,   476.67,   347.73
  349.31,   477.27,   472.76
  348.97,   601.15,   221.96
  348.51,   601.81,   346.83
  348.26,   602.46,   471.83
  100.00,   351.06,   350.76
  101.05,   348.19,   475.61
  102.02,   345.16,   600.71
  103.64,   476.24,   353.66
  104.70,   473.40,   478.47
  105.82,   470.10,   603.64
  107.31,   601.19,   356.59
  108.35,   598.20,   481.42
  109.28,   594.83,   606.57
  225.00,   347.10,   349.66
  226.00,   344.10,   474.57
  226.90,   341.17,   599.71
  228.68,   472.28,   352.49
  229.59,   469.22,   477.32
  230.66,   466.00,   602.54
  232.20,   597.44,   355.43
  233.03,   594.29,   480.23
  233.98,   590.99,   605.40
  349.66,   343.52,   348.73
  350.57,   340.54,   473.75
  351.49,   337.49,   598.71
  353.22,   468.39,   351.64
  354.09,   465.20,   476.64
  355.27,   462.12,   601.66
  356.89,   593.42,   354.49
  357.74,   590.27,   479.50
  358.98,   587.21,   604.58
   98.30,   349.27,   474.19
   96.65,   345.77,   599.27
   94.88,   342.22,   724.52
   97.34,   474.54,   477.57
   95.85,   470.77,   602.71
   94.19,   466.72,   727.96
   96.42,   599.33,   481.02
   94.79,   595.53,   606.14
   93.02,   591.75,   731.29
  223.30,   349.70,   475.85
  221.62,   346.29,   600.98
  219.71,   342.82,   726.27
  222.30,   474.88,   479.08
  220.77,   471.18,   604.30
  219.18,   467.61,   729.70
  221.13,   599.99,   482.49
  219.45,   596.20,   607.65
  217.92,   592.72,   732.96
  347.91,   350.63,   477.75
  346.25,   347.10,   602.70
  344.59,   343.60,   727.57
  346.85,   475.37,   481.11
  345.44,   471.82,   606.12
  344.13,   468.45,   731.11
  345.89,   600.52,   484.44
  344.50,   596.98,   609.51
  343.27,   593.61,   734.61
   99.84,   350.12,   600.22
   98.56,   350.36,   725.54
   97.06,   350.40,   850.50
   98.56,   475.17,   599.82
   97.38,   474.94,   725.14
   95.94,   474.89,   850.16
   97.02,   599.98,   599.42
   95.71,   600.06,   724.62
   94.44,   600.32,   849.69
  224.79,   351.15,   601.42
  223.40,   351.47,   726.76
  222.12,   351.99,   851.59
  223.46,   476.09,   600.90
  222.37,   476.34,   726.35
  221.11,   476.95,   851.19
  221.67,   601.17,   600.42
  220.59,   601.49,   725.77
  219.67,   602.10,   850.76
  349.42,   352.46,   602.63
  348.28,   352.77,   727.55
  347.14,   353.27,   852.43
  348.13,   477.24,   602.23
  347.33,   477.69,   727.27
  346.16,   478.30,   852.20
  346.73,   602.45,   601.79
  345.97,   602.91,   726.94
  344.82,   603.58,   851.98
   98.75,   475.62,   101.07
  100.24,   476.09,   226.00
  101.87,   477.10,   350.58
   98.99,   600.98,   100.44
  100.45,   601.41,   225.57
  102.26,   602.11,   350.21
   98.96,   726.47,    99.61
  100.55,   726.93,   224.96
  102.62,   726.85,   349.93
  223.84,   475.46,    99.12
  225.45,   475.84,   224.12
  226.97,   476.40,   348.74
  224.17,   600.68,    98.84
  225.68,   601.21,   223.84
  227.22,   601.65,   348.39
  224.27,   725.85,    98.40
  225.81,   726.62,   223.39
  227.47,   726.73,   348.12
  348.56,   475.28,    97.47
  350.17,   475.60,   222.28
  351.56,   475.74,   347.23
  349.04,   600.23,    97.15
  350.64,   600.68,   221.91
  351.98,   600.88,   346.78
  349.39,   724.95,    96.66
  351.06,   725.62,   221.43
  352.52,   726.13,   346.27
  100.97,   475.54,   226.23
  100.50,   476.81,   350.81
  100.19,   477.59,   475.66
   97.69,   600.80,   225.53
   97.40,   601.76,   350.18
   97.12,   602.41,   475.06
   94.30,   726.25,   224.62
   94.29,   726.42,   349.64
   94.09,   726.85,   474.56
  226.15,   478.79,   226.42
  225.57,   479.61,   351.06
  225.11,   480.15,   475.90
  222.88,   604.12,   225.88
  222.34,   604.83,   350.45
  221.80,   605.29,   475.26
  219.52,   729.51,   225.18
  219.09,   729.85,   349.93
  218.50,   730.25,   474.75
  350.84,   482.04,   226.67
  350.13,   482.44,   351.63
  349.63,   482.84,   476.66
  347.83,   607.08,   226.04
  347.07,   607.56,   350.90
  346.53,   608.02,   475.91
  344.75,   732.01,   225.29
  344.12,   732.78,   350.14
  343.55,   733.39,   475.13
  101.19,   477.08,   348.99
   98.11,   477.21,   473.81
   95.09,   476.85,   598.96
  103.00,   602.09,   349.09
   99.94,   602.05,   473.92
   96.77,   601.63,   599.05
  104.77,   726.83,   349.28
  101.76,   726.55,   474.14
   98.31,   726.48,   599.07
  226.25,   474.97,   352.02
  223.03,   474.85,   476.83
  219.97,   474.54,   602.05
  227.92,   600.21,   352.13
  224.62,   600.00,   476.91
  221.39,   599.61,   602.07
  229.57,   725.27,   352.32
  226.20,   725.01,   477.12
  222.63,   724.88,   602.08
  350.79,   472.89,   355.38
  347.54,   472.63,   480.37
  344.60,   472.47,   605.39
  352.61,   598.02,   355.39
  349.33,   597.80,   480.37
  346.41,   597.66,   605.45
  354.57,   723.27,   355.34
  351.26,   723.21,   480.32
  348.16,   723.07,   605.42
   99.05,   477.18,   476.43
   98.05,   480.56,   601.57
   96.88,   483.64,   726.83
   98.29,   601.99,   472.74
   97.14,   605.32,   597.84
   95.81,   608.76,   722.97
   97.57,   726.42,   469.15
   96.15,   730.12,   594.05
   94.50,   734.16,   718.93
  224.00,   477.44,   477.41
  222.95,   480.89,   602.61
  221.88,   484.48,   728.00
  223.02,   602.57,   473.68
  221.78,   605.93,   598.81
  220.67,   609.57,   724.09
  222.04,   727.51,   470.09
  220.47,   731.16,   595.01
  218.97,   734.81,   720.07
  348.56,   477.84,   478.91
  347.64,   481.44,   603.91
  346.87,   485.22,   728.90
  347.77,   602.99,   475.08
  346.86,   606.61,   600.14
  346.11,   610.40,   725.25
  347.12,   728.35,   471.22
  346.02,   731.98,   596.29
  345.04,   735.62,   721.47
  100.85,   474.02,   600.21
  101.43,   473.66,   725.56
  101.77,   473.54,   850.56
  102.64,   598.82,   599.94
  103.08,   598.79,   725.16
  103.63,   598.98,   850.22
  104.27,   723.68,   599.60
  104.36,   724.19,   724.57
  105.15,   724.46,   849.72
  225.74,   471.59,   599.54
  226.42,   471.71,   724.99
  226.92,   472.18,   849.85
  227.33,   596.66,   599.20
  228.03,   596.85,   724.56
  228.86,   597.33,   849.56
  228.73,   721.93,   598.86
  229.09,   722.10,   724.02
  230.33,   722.18,   849.29
  350.40,   469.39,   599.12
  351.35,   469.70,   724.15
  351.96,   470.17,   849.08
  352.36,   594.57,   598.83
  353.40,   594.90,   723.97
  354.01,   595.44,   849.01
  354.30,   719.98,   598.44
  355.14,   720.17,   723.69
  355.70,   720.67,   848.86
  101.47,   598.37,    98.68
  101.69,   599.19,   223.83
  102.26,   600.28,   348.46
  101.84,   723.85,    97.50
  102.17,   724.73,   222.83
  103.01,   725.03,   347.80
  102.42,   848.54,    96.31
  103.31,   849.79,   221.75
  104.02,   849.91,   347.20
  226.65,   597.69,    98.30
  226.92,   598.60,   223.31
  227.24,   599.43,   347.88
  227.14,   722.84,    97.49
  227.45,   724.01,   222.49
  227.87,   724.51,   347.22
  227.64,   847.55,    96.51
  228.36,   848.89,   221.30
  228.89,   849.42,   346.46
  351.51,   596.86,    97.85
  351.89,   597.69,   222.61
  352.00,   598.28,   347.49
  352.27,   721.57,    96.98
  352.70,   722.63,   221.75
  352.93,   723.52,   346.60
  352.89,   846.38,    96.20
  353.51,   847.41,   220.89
  353.90,   848.58,   345.73
   98.46,   601.08,   226.17
   99.07,   604.92,   350.78
   99.67,   608.43,   475.60
   95.93,   726.52,   222.41
   96.81,   729.57,   347.38
   97.48,   732.85,   472.25
   94.06,   851.48,   218.56
   94.84,   854.43,   344.04
   95.19,   857.42,   468.92
  223.67,   603.52,   225.59
  224.02,   607.11,   350.11
  224.36,   610.45,   474.88
  221.17,   728.88,   222.02
  221.64,   732.11,   346.73
  221.93,   735.38,   471.50
  219.09,   853.68,   218.08
  219.69,   856.94,   343.22
  219.84,   860.10,   468.19
  348.64,   605.60,   224.80
  348.78,   608.96,   349.62
  349.13,   612.31,   474.58
  346.42,   730.49,   221.20
  346.69,   734.15,   345.99
  347.02,   737.66,   470.94
  344.21,   855.20,   217.58
  344.65,   859.09,   342.39
  344.94,   862.75,   467.43
   98.56,   599.52,   351.48
   99.22,   597.80,   476.34
   99.78,   595.66,   601.50
   98.26,   724.22,   353.33
   98.97,   722.29,   478.22
   99.21,   720.52,   603.18
   98.19,   849.07,   355.25
   98.60,   846.88,   480.13
   98.79,   845.65,   604.81
  223.54,   599.77,   350.81
  223.96,   597.85,   475.62
  224.47,   595.74,   600.80
  223.10,   724.82,   352.67
  223.45,   722.85,   477.48
  223.61,   721.01,   602.48
  223.05,   849.69,   354.44
  223.22,   847.66,   479.40
  223.23,   846.18,   604.12
  348.30,   599.69,   350.35
  348.72,   597.76,   475.35
  349.51,   595.90,   600.47
  348.15,   724.93,   351.97
  348.55,   723.15,   476.96
  349.19,   721.31,   602.10
  348.05,   849.99,   353.61
  348.41,   848.37,   478.68
  348.90,   846.37,   603.78
   98.41,   600.68,   474.82
   97.76,   600.82,   599.99
   96.96,   601.04,   725.19
   99.99,   725.17,   474.43
   99.04,   725.67,   599.40
   97.91,   726.48,   724.36
  101.45,   849.77,   474.08
  100.45,   850.79,   598.78
   99.27,   851.85,   723.48
  223.14,   598.90,   475.29
  222.43,   599.06,   600.48
  221.86,   599.52,   725.84
  224.47,   723.90,   474.90
  223.42,   724.34,   599.89
  222.50,   724.76,   725.04
  226.09,   848.72,   474.55
  224.91,   849.47,   599.29
  223.89,   850.35,   724.05
  347.88,   596.96,   476.23
  347.48,   597.38,   601.35
  347.25,   597.97,   726.50
  349.55,   722.36,   475.58
  348.98,   722.79,   600.72
  348.54,   723.25,   725.96
  351.26,   847.59,   475.03
  350.55,   847.85,   600.14
  349.95,   848.08,   725.33
  102.09,   600.10,   601.69
  103.93,   601.46,   726.87
  105.91,   603.05,   851.90
  103.32,   724.97,   599.95
  104.81,   726.85,   724.89
  107.01,   728.48,   850.02
  104.74,   850.08,   598.20
  106.18,   852.26,   722.84
  108.13,   854.00,   848.16
  226.76,   598.33,   599.54
  228.87,   599.89,   724.87
  231.13,   601.74,   849.85
  227.77,   723.60,   597.81
  229.53,   725.14,   722.94
  232.17,   726.59,   848.20
  229.26,   848.71,   596.08
  230.93,   850.67,   720.83
  233.12,   852.33,   846.37
  351.79,   596.62,   597.77
  354.24,   598.32,   722.88
  356.27,   600.24,   847.91
  353.32,   722.03,   595.99
  355.57,   723.59,   721.22
  357.56,   725.45,   846.38
  354.89,   847.11,   594.27
  356.99,   848.39,   719.46
  358.86,   850.22,   844.55
  226.37,   100.22,    99.12
  223.31,    99.31,   224.07
  220.56,    98.21,   349.17
  223.54,   225.09,   100.10
  220.41,   224.03,   224.96
  217.60,   222.82,   350.04
  221.03,   349.81,   101.07
  217.80,   348.75,   225.99
  214.63,   347.80,   350.82
  351.81,   102.88,   102.51
  348.49,   101.98,   227.53
  345.35,   101.02,   352.41
  348.56,   227.83,   103.29
  345.37,   226.79,   228.26
  342.36,   226.01,   353.28
  345.75,   352.90,   104.28
  342.51,   351.83,   229.15
  339.28,   350.85,   354.15
  477.05,   105.63,   105.97
  473.59,   104.70,   230.98
  470.16,   103.85,   355.62
  473.64,   230.55,   106.57
  470.46,   229.62,   231.59
  467.19,   229.08,   356.48
  470.52,   355.88,   107.53
  467.32,   354.82,   232.32
  463.92,   353.86,   357.45
  225.91,   100.55,   223.98
  225.60,    97.23,   349.08
  224.97,    94.00,   474.09
  228.02,   225.24,   227.18
  227.64,   221.83,   352.27
  226.96,   218.56,   477.31
  230.41,   349.96,   230.52
  229.67,   346.78,   355.37
  228.95,   343.56,   480.28
  351.17,    98.23,   224.94
  350.44,    95.01,   349.82
  349.59,    91.83,   474.68
  353.04,   223.01,   227.97
  352.46,   220.03,   352.98
  351.68,   217.10,   478.00
  355.15,   348.05,   231.17
  354.35,   344.85,   356.19
  353.56,   341.64,   481.21
  476.33,    95.98,   225.89
  475.28,    92.82,   350.54
  474.31,    89.55,   475.23
  478.21,   220.84,   228.81
  477.38,   218.07,   353.67
  476.51,   215.22,   478.58
  480.06,   346.00,   231.84
  479.10,   342.86,   356.95
  478.28,   339.77,   482.04
  223.69,    98.44,   350.19
  221.89,   101.90,   475.19
  219.54,   105.54,   600.17
  224.51,   223.06,   346.64
  222.68,   226.49,   471.65
  220.42,   230.32,   596.64
  225.33,   348.01,   343.03
  223.46,   351.53,   467.89
  221.53,   355.09,   592.99
  348.53,    97.52,   352.16
  346.54,   101.13,   477.02
  344.41,   104.82,   602.01
  349.33,   222.52,   348.60
  347.40,   226.29,   473.60
  345.22,   229.83,   598.52
  350.03,   347.35,   345.07
  348.07,   350.85,   470.06
  346.14,   354.28,   595.01
  473.37,    96.62,   354.11
  471.29,   100.18,   478.78
  469.46,   103.90,   603.84
  474.25,   221.85,   350.53
  472.21,   225.73,   475.45
  470.25,   229.14,   600.33
  474.78,   346.64,   347.07
  472.76,   350.24,   472.16
  470.99,   353.65,   597.01
  225.80,   101.25,   474.76
  228.50,   101.65,   599.76
  231.07,   102.06,   724.69
  223.92,   225.87,   474.51
  226.68,   226.48,   599.52
  229.26,   227.17,   724.52
  222.03,   350.95,   474.03
  225.12,   351.26,   599.17
  228.02,   351.48,   724.47
  350.42,   103.09,   471.52
  353.34,   103.50,   596.53
  356.44,   103.86,   721.61
  348.60,   228.28,   471.39
  351.46,   228.58,   596.33
  354.29,   228.65,   721.17
  346.60,   352.87,   471.13
  349.71,   353.06,   596.10
  352.86,   353.27,   720.98
  475.17,   104.77,   468.21
  478.34,   105.20,   593.27
  481.73,   105.71,   718.55
  473.37,   230.32,   468.18
  476.47,   230.51,   593.07
  479.56,   230.35,   717.97
  471.25,   354.86,   468.16
  474.52,   355.05,   593.04
  477.86,   355.11,   717.78
  226.76,   100.96,   601.98
  227.73,   103.47,   726.92
  229.43,   105.57,   852.06
  224.11,   225.75,   599.65
  225.12,   228.53,   724.66
  226.61,   230.95,   849.65
  221.72,   350.50,   597.19
  223.05,   352.81,   722.51
  224.50,   355.29,   847.34
  351.61,   103.63,   600.28
  353.11,   106.08,   725.36
  354.79,   108.41,   850.39
  348.90,   228.66,   597.98
  350.15,   230.83,   722.84
  351.70,   233.09,   847.65
  346.33,   353.11,   595.65
  347.91,   355.41,   720.55
  349.49,   357.88,   845.40
  476.64,   106.14,   598.56
  478.43,   108.73,   723.83
  479.92,   111.21,   848.62
  473.92,   231.39,   596.25
  475.43,   233.31,   721.15
  476.80,   235.44,   845.81
  471.15,   355.90,   594.12
  472.92,   358.05,   718.86
  474.47,   360.23,   843.64
  225.12,   225.24,   100.62
  223.37,   223.55,   225.51
  221.94,   221.72,   350.61
  221.90,   349.94,   102.25
  220.05,   348.24,   227.19
  218.25,   346.67,   352.04
  218.41,   474.84,   103.91
  216.50,   473.28,   228.86
  214.54,   471.91,   353.47
  350.15,   228.70,   102.46
  348.34,   227.03,   227.45
  346.71,   225.63,   352.49
  346.62,   353.75,   104.10
  344.76,   352.05,   229.00
  342.90,   350.44,   354.01
  343.11,   478.79,   105.76
  341.19,   477.14,   230.58
  339.10,   475.35,   355.50
  475.24,   232.15,   104.38
  473.45,   230.58,   229.42
  471.56,   229.40,   354.34
  471.40,   357.44,   106.00
  469.59,   355.75,   230.81
  467.56,   354.17,   355.95
  467.82,   482.56,   107.64
  465.85,   480.83,   232.27
  463.69,   478.97,   357.49
  224.65,   224.45,   223.30
  227.27,   220.87,   348.36
  229.59,   217.43,   473.38
  225.94,   349.16,   226.78
  228.19,   345.82,   351.61
  230.47,   342.43,   476.50
  227.01,   474.23,   230.25
  229.08,   471.04,   354.84
  231.28,   467.58,   479.65
  349.66,   223.40,   221.12
  352.08,   220.23,   346.11
  354.30,   217.15,   471.10
  350.69,   348.45,   224.47
  352.88,   345.07,   349.46
  355.07,   341.71,   474.46
  351.71,   473.56,   227.85
  353.65,   469.98,   352.77
  355.80,   466.40,   477.75
  474.83,   222.39,   218.99
  477.01,   219.44,   343.84
  479.14,   216.44,   468.72
  475.59,   347.60,   222.17
  477.63,   344.27,   347.24
  479.79,   341.02,   472.32
  476.45,   472.71,   225.42
  478.35,   469.09,   350.59
  480.53,   465.58,   475.77
  225.09,   225.04,   351.39
  222.38,   221.34,   476.39
  219.22,   218.05,   601.36
  226.13,   350.00,   354.93
  223.39,   346.36,   479.79
  220.55,   342.80,   604.90
  227.12,   475.23,   358.44
  224.31,   471.52,   483.23
  221.65,   467.66,   608.43
  349.89,   224.17,   354.17
  347.08,   220.80,   479.14
  344.01,   217.20,   604.04
  350.79,   348.99,   357.80
  347.98,   345.35,   482.77
  345.17,   341.65,   607.69
  351.68,   473.88,   361.40
  348.84,   470.06,   486.35
  346.30,   466.34,   611.32
  474.78,   223.16,   356.91
  471.88,   219.88,   481.79
  469.05,   216.13,   606.64
  475.51,   347.94,   360.63
  472.67,   344.40,   485.67
  470.03,   340.66,   610.46
  476.35,   472.72,   364.28
  473.55,   468.96,   489.42
  471.13,   465.33,   614.26
  223.89,   224.70,   473.77
  220.33,   223.48,   598.78
  216.57,   222.42,   723.78
  220.36,   349.73,   474.97
  217.14,   348.24,   600.11
  213.69,   346.66,   725.42
  216.76,   474.93,   476.21
  213.68,   473.14,   601.42
  210.53,   471.45,   726.85
  348.53,   228.72,   477.02
  345.06,   227.19,   601.95
  341.53,   225.49,   726.80
  344.90,   353.26,   478.44
  341.70,   351.64,   603.40
  338.50,   350.05,   728.30
  341.24,   478.02,   479.79
  338.28,   476.37,   604.82
  335.42,   474.90,   729.85
  473.26,   232.38,   480.18
  470.03,   230.71,   605.06
  466.76,   228.73,   729.94
  469.51,   356.85,   481.85
  466.47,   355.20,   606.69
  463.46,   353.45,   731.40
  465.87,   481.45,   483.37
  463.04,   479.90,   608.28
  460.34,   478.48,   732.99
  223.13,   225.82,   598.11
  225.30,   229.07,   723.09
  227.94,   231.95,   848.05
  223.06,   350.59,   595.15
  225.55,   353.37,   720.43
  228.15,   356.31,   845.25
  222.70,   475.52,   592.17
  225.49,   478.22,   717.57
  228.13,   481.26,   842.43
  347.94,   226.39,   595.33
  350.33,   229.03,   720.16
  353.02,   231.75,   844.94
  347.67,   350.86,   592.50
  350.40,   353.62,   717.37
  353.14,   356.54,   842.19
  347.33,   475.60,   589.65
  350.40,   478.50,   714.64
  353.18,   481.56,   839.52
  472.96,   226.78,   592.48
  475.62,   229.18,   717.36
  478.14,   231.77,   842.01
  472.50,   351.31,   589.86
  475.41,   353.92,   714.57
  478.13,   356.55,   839.32
  472.13,   475.99,   587.19
  475.35,   478.94,   711.91
  478.21,   481.86,   836.79
  225.55,   349.49,   100.80
  225.86,   349.25,   225.76
  226.22,   349.14,   350.65
  223.21,   474.44,   101.05
  223.46,   474.33,   226.04
  223.64,   474.40,   350.68
  220.54,   599.64,   101.27
  220.70,   599.67,   226.27
  220.91,   599.64,   350.83
  350.31,   352.19,   100.46
  350.61,   351.95,   225.37
  350.89,   351.79,   350.42
  347.92,   477.27,   100.73
  348.17,   477.08,   225.56
  348.22,   476.74,   350.51
  345.41,   602.20,   100.91
  345.65,   602.15,   225.70
  345.65,   601.87,   350.56
  475.13,   354.75,   100.18
  475.49,   354.52,   224.98
  475.62,   354.39,   350.14
  472.68,   479.90,   100.45
  472.90,   479.64,   225.04
  472.90,   479.25,   350.27
  470.22,   604.66,   100.52
  470.48,   604.51,   225.13
  470.52,   604.30,   350.31
  224.31,   348.34,   226.75
  223.03,   347.09,   351.63
  221.78,   345.81,   476.56
  222.82,   473.43,   228.13
  221.36,   472.36,   352.76
  220.03,   471.03,   477.60
  220.97,   598.77,   229.46
  219.54,   597.61,   354.01
  218.13,   596.19,   478.82
  349.07,   350.11,   228.02
  347.72,   348.83,   353.05
  346.39,   347.53,   478.09
  347.54,   475.25,   229.31
  345.96,   473.78,   354.25
  344.58,   472.31,   479.26
  345.92,   600.32,   230.55
  344.28,   598.91,   355.40
  342.86,   597.48,   480.40
  473.96,   351.75,   229.29
  472.45,   350.51,   354.44
  471.08,   349.32,   479.56
  472.27,   476.88,   230.45
  470.63,   475.36,   355.68
  469.29,   473.93,   480.90
  470.75,   601.77,   231.65
  469.14,   600.42,   356.83
  467.85,   599.07,   482.07
  224.30,   349.95,   350.67
  226.14,   352.81,   475.56
  227.92,   355.70,   600.69
  227.98,   475.14,   347.64
  229.72,   477.94,   472.44
  231.62,   480.55,   597.64
  231.49,   600.29,   344.73
  233.16,   603.02,   469.50
  234.90,   605.58,   594.62
  348.94,   346.31,   349.06
  350.70,   349.15,   474.07
  352.49,   351.92,   599.03
  352.51,   471.19,   346.10
  354.21,   473.85,   471.09
  356.23,   476.61,   596.11
  356.19,   596.23,   343.09
  357.86,   598.94,   468.07
  359.92,   601.74,   593.14
  473.65,   342.62,   347.39
  475.36,   345.58,   472.49
  477.31,   348.33,   597.36
  477.17,   467.41,   344.45
  478.89,   470.13,   469.66
  481.03,   472.97,   594.61
  481.02,   592.38,   341.43
  482.80,   595.18,   466.67
  484.99,   598.07,   591.79
  226.81,   351.06,   476.43
  223.51,   349.66,   601.56
  220.00,   348.18,   726.86
  225.03,   476.27,   477.61
  221.88,   474.58,   602.83
  218.69,   473.02,   728.24
  223.11,   601.42,   478.98
  219.79,   599.65,   604.13
  216.61,   598.16,   729.44
  351.37,   352.76,   479.95
  348.10,   351.23,   604.90
  344.85,   349.74,   729.78
  349.54,   477.53,   481.27
  346.52,   476.00,   606.28
  343.61,   474.64,   731.28
  347.82,   602.72,   482.54
  344.81,   601.20,   607.62
  341.95,   599.84,   732.72
  476.04,   354.53,   483.39
  472.94,   352.98,   608.23
  469.85,   351.31,   732.94
  474.24,   479.16,   484.87
  471.34,   477.72,   609.78
  468.56,   476.39,   734.49
  472.81,   604.32,   486.19
  469.95,   602.89,   611.27
  467.17,   601.61,   736.15
  225.73,   349.02,   601.47
  223.94,   346.80,   726.78
  222.28,   344.77,   851.60
  222.36,   473.90,   603.48
  220.88,   471.59,   728.91
  219.22,   469.64,   853.70
  218.51,   598.91,   605.53
  217.07,   596.69,   730.86
  215.76,   594.76,   855.79
  350.33,   352.36,   603.12
  348.80,   350.12,   728.02
  347.26,   348.07,   852.87
  346.99,   477.08,   605.25
  345.80,   474.98,   730.26
  344.22,   473.03,   855.16
  343.53,   602.23,   607.32
  342.39,   600.13,   732.46
  340.83,   598.25,   857.46
  475.16,   355.86,   604.78
  473.81,   353.47,   729.52
  472.20,   351.11,   854.30
  471.80,   480.56,   607.07
  470.75,   478.50,   731.81
  469.20,   476.36,   856.77
  468.67,   605.69,   609.30
  467.60,   603.67,   734.22
  465.83,   601.78,   859.21
  223.70,   474.03,   102.13
  224.31,   470.77,   227.07
  224.86,   467.67,   351.67
  222.64,   599.22,   105.53
  223.18,   596.09,   230.44
  223.75,   592.89,   354.95
  221.35,   724.44,   108.73
  221.93,   721.46,   233.67
  222.61,   717.91,   358.35
  348.43,   475.26,   101.47
  349.04,   471.92,   226.25
  349.46,   468.42,   351.17
  347.55,   600.18,   104.80
  348.13,   596.96,   229.54
  348.48,   593.51,   354.37
  346.53,   724.87,   107.96
  347.17,   721.90,   232.71
  347.64,   718.72,   357.52
  473.21,   476.29,   100.85
  473.79,   472.88,   225.40
  474.15,   469.33,   350.59
  472.38,   601.04,   104.05
  472.98,   597.73,   228.64
  473.36,   594.35,   353.79
  471.50,   725.50,   107.21
  472.22,   722.47,   231.94
  472.83,   719.58,   356.91
  227.16,   473.20,   225.12
  223.56,   474.76,   349.71
  220.08,   476.07,   474.50
  228.89,   598.53,   223.90
  225.31,   599.99,   348.42
  221.75,   601.21,   473.17
  230.52,   723.92,   222.51
  227.03,   725.05,   347.20
  223.41,   726.19,   471.98
  351.82,   471.50,   228.43
  348.10,   472.65,   353.34
  344.59,   473.81,   478.31
  353.78,   596.56,   227.11
  350.00,   597.77,   351.95
  346.44,   598.97,   476.90
  355.70,   721.48,   225.69
  352.03,   723.00,   350.49
  348.44,   724.36,   475.44
  476.50,   469.60,   231.72
  472.73,   470.71,   356.92
  469.26,   471.91,   482.09
  478.56,   594.49,   230.36
  474.82,   595.76,   355.51
  471.39,   597.04,   480.71
  480.68,   719.24,   229.07
  477.15,   721.02,   354.02
  473.79,   722.55,   479.14
  224.44,   476.56,   350.09
  221.31,   478.50,   474.88
  218.34,   480.24,   600.08
  224.79,   601.79,   348.12
  221.58,   603.65,   472.88
  218.42,   605.31,   598.01
  225.12,   726.86,   346.24
  221.86,   728.63,   471.01
  218.36,   730.57,   595.94
  349.00,   475.85,   353.36
  345.84,   477.65,   478.33
  343.00,   479.53,   603.34
  349.51,   600.98,   351.28
  346.31,   602.83,   476.23
  343.46,   604.74,   601.30
  350.14,   726.22,   349.15
  346.91,   728.22,   474.10
  343.87,   730.15,   599.18
  473.66,   475.32,   356.56
  470.54,   477.15,   481.74
  467.82,   479.13,   606.65
  474.36,   600.38,   354.47
  471.29,   602.31,   479.67
  468.62,   604.31,   604.76
  475.30,   725.65,   352.30
  472.28,   727.83,   477.41
  469.50,   729.68,   602.68
  226.45,   474.81,   474.44
  226.15,   476.50,   599.68
  225.85,   478.31,   725.11
  226.12,   599.98,   472.48
  225.65,   601.58,   597.65
  225.34,   603.45,   722.99
  225.79,   724.98,   470.65
  224.99,   726.85,   595.63
  224.30,   728.71,   720.75
  351.01,   474.54,   475.21
  350.83,   476.37,   600.25
  350.81,   478.37,   725.27
  350.87,   599.72,   473.16
  350.72,   601.57,   598.26
  350.75,   603.59,   723.40
  350.89,   725.12,   471.06
  350.57,   726.98,   596.19
  350.37,   728.86,   721.42
  475.75,   474.63,   475.91
  475.70,   476.55,   600.87
  475.81,   478.59,   725.63
  475.89,   599.77,   473.89
  475.89,   601.72,   599.03
  476.00,   603.80,   723.97
  476.29,   725.29,   471.68
  476.19,   727.09,   597.00
  476.05,   728.82,   722.32
  223.37,   474.04,   601.23
  220.63,   474.88,   726.65
  217.70,   476.06,   851.45
  220.79,   599.11,   600.12
  218.04,   600.01,   725.44
  215.45,   601.20,   850.41
  218.01,   724.36,   599.03
  214.88,   725.24,   724.13
  212.71,   726.00,   849.36
  348.01,   476.01,   604.20
  345.55,   477.05,   729.21
  342.71,   478.25,   854.11
  345.80,   601.21,   603.13
  343.38,   602.25,   728.26
  340.56,   603.50,   853.26
  343.51,   726.61,   601.98
  340.85,   727.52,   727.19
  338.06,   728.68,   852.33
  472.83,   478.29,   607.22
  470.51,   479.37,   731.96
  467.69,   480.38,   856.91
  470.94,   603.46,   606.31
  468.61,   604.58,   731.22
  465.58,   605.84,   856.21
  469.12,   728.81,   605.21
  466.54,   729.58,   730.49
  463.12,   730.92,   855.30
  225.55,   602.00,   101.55
  226.89,   604.57,   226.51
  228.28,   607.04,   351.05
  225.94,   727.14,    99.06
  227.33,   729.95,   224.02
  228.82,   732.09,   348.74
  226.36,   851.80,    96.42
  228.17,   854.77,   221.16
  229.79,   856.97,   346.30
  350.43,   601.24,   100.01
  351.86,   603.72,   224.75
  353.04,   605.96,   349.60
  351.07,   725.91,    97.49
  352.58,   728.63,   222.23
  353.89,   731.19,   347.05
  351.59,   850.72,    95.06
  353.29,   853.38,   219.72
  354.77,   856.19,   344.53
  475.25,   600.40,    98.46
  476.72,   602.76,   223.02
  477.95,   605.09,   348.16
  476.01,   724.90,    95.93
  477.62,   727.48,   220.64
  479.08,   730.33,   345.59
  476.81,   849.78,    93.63
  478.43,   852.40,   218.50
  479.99,   855.41,   343.10
  224.95,   600.99,   224.18
  223.72,   600.57,   348.74
  222.50,   599.92,   473.54
  220.95,   726.37,   224.58
  219.83,   725.59,   349.32
  218.55,   724.86,   474.13
  217.37,   851.22,   224.62
  216.35,   850.42,   349.81
  214.89,   849.59,   474.78
  349.87,   604.59,   225.05
  348.42,   603.94,   349.92
  347.19,   603.27,   474.92
  346.15,   729.51,   225.41
  344.83,   729.14,   350.25
  343.57,   728.62,   475.25
  342.45,   854.26,   225.74
  341.28,   854.14,   350.62
  339.97,   853.76,   475.70
  474.67,   608.08,   225.94
  473.27,   607.51,   351.12
  472.17,   606.93,   476.37
  471.16,   732.79,   226.44
  469.98,   732.74,   351.41
  468.93,   732.42,   476.56
  467.54,   857.71,   227.16
  466.44,   857.79,   351.78
  465.32,   857.63,   476.80
  226.99,   598.53,   350.69
  224.61,   597.41,   475.48
  222.32,   596.10,   600.65
  227.33,   723.60,   351.76
  224.89,   722.42,   476.57
  222.25,   721.37,   601.55
  228.06,   848.51,   352.74
  225.45,   847.25,   477.70
  222.66,   846.54,   602.42
  351.72,   597.64,   353.02
  349.35,   596.51,   478.01
  347.36,   595.44,   603.11
  352.36,   722.90,   353.85
  349.97,   721.92,   478.84
  347.80,   720.86,   603.96
  353.05,   847.98,   354.71
  350.61,   847.16,   479.78
  348.30,   845.93,   604.86
  476.59,   596.97,   355.37
  474.34,   595.92,   480.61
  472.49,   594.95,   605.71
  477.54,   722.25,   356.17
  475.35,   721.44,   481.33
  473.41,   720.31,   606.64
  478.28,   847.43,   357.01
  476.02,   846.80,   482.05
  473.94,   845.51,   607.47
  223.95,   600.09,   474.63
  220.28,   598.15,   599.75
  216.74,   596.49,   725.05
  224.61,   725.09,   476.36
  220.59,   723.41,   601.30
  216.69,   721.72,   726.39
  225.56,   849.91,   478.13
  221.40,   848.57,   602.81
  217.37,   847.35,   727.50
  348.66,   598.78,   478.52
  345.29,   597.08,   603.57
  342.07,   595.56,   728.66
  349.66,   724.17,   479.99
  346.11,   722.49,   605.07
  342.67,   720.85,   730.25
  350.69,   849.39,   481.58
  346.99,   847.54,   606.62
  343.38,   845.71,   731.73
  473.62,   597.77,   482.48
  470.40,   596.17,   607.55
  467.27,   594.73,   732.41
  475.02,   723.28,   483.85
  471.70,   721.52,   609.12
  468.31,   719.76,   734.34
  476.07,   848.62,   485.22
  472.60,   846.69,   610.60
  469.16,   844.44,   736.02
  224.15,   599.81,   599.09
  222.85,   597.21,   724.41
  221.69,   594.92,   849.39
  224.51,   725.06,   601.55
  222.87,   722.43,   726.68
  222.16,   719.72,   851.91
  225.38,   850.19,   603.98
  223.60,   848.02,   728.72
  222.45,   845.42,   854.33
  349.20,   598.72,   600.68
  348.23,   596.26,   725.80
  346.84,   594.01,   850.80
  350.10,   724.11,   603.10
  348.91,   721.52,   728.32
  347.50,   719.23,   853.44
  351.04,   849.13,   605.57
  349.68,   846.35,   730.73
  348.10,   844.10,   855.79
  474.35,   597.78,   602.43
  473.45,   595.39,   727.33
  471.92,   593.13,   852.30
  475.71,   723.12,   604.91
  474.55,   720.41,   730.17
  472.59,   718.24,   855.00
  476.66,   848.28,   607.31
  475.45,   845.08,   732.79
  473.41,   842.86,   857.41
  348.93,    99.70,    99.82
  352.53,    98.03,   224.84
  356.25,    96.29,   349.69
  350.63,   224.64,   101.36
  354.34,   222.84,   226.31
  358.22,   221.35,   351.30
  352.75,   349.73,   103.12
  356.40,   347.92,   227.96
  360.05,   346.20,   352.96
  474.18,    97.63,    96.33
  477.65,    95.90,   221.35
  481.06,    94.23,   345.98
  475.74,   222.50,    97.69
  479.46,   220.78,   222.71
  483.10,   219.49,   347.55
  477.53,   347.81,    99.44
  481.27,   345.99,   224.20
  484.77,   344.32,   349.27
  598.91,    95.97,    92.73
  602.59,    94.34,   217.67
  606.08,    92.37,   342.13
  600.73,   220.79,    94.27
  604.37,   219.12,   219.18
  608.16,   217.52,   343.85
  602.61,   345.89,    95.74
  606.26,   343.86,   220.56
  609.86,   342.28,   345.44
  350.05,    99.81,   223.21
  350.83,   103.40,   348.08
  351.51,   107.10,   472.95
  351.33,   224.59,   219.43
  352.26,   228.38,   344.43
  352.99,   232.23,   469.44
  352.90,   349.63,   215.82
  353.58,   353.21,   340.82
  354.28,   356.77,   465.83
  475.23,    98.12,   222.76
  475.72,   101.81,   347.39
  476.30,   105.45,   472.06
  476.52,   222.96,   218.86
  477.19,   226.98,   343.72
  477.81,   230.94,   468.65
  477.82,   348.16,   215.08
  478.35,   351.78,   340.16
  478.99,   355.44,   465.27
  600.23,    97.00,   222.11
  600.80,   100.37,   346.59
  601.46,   103.76,   471.24
  601.50,   221.75,   218.35
  602.30,   225.48,   343.04
  603.05,   229.13,   467.84
  602.86,   346.47,   214.47
  603.47,   350.19,   339.36
  604.24,   353.99,   464.40
  348.48,   101.49,   349.19
  351.09,    99.66,   474.07
  353.60,    97.89,   599.08
  348.09,   226.52,   351.05
  350.76,   224.89,   476.07
  353.19,   223.02,   601.00
  347.58,   351.38,   352.93
  350.23,   349.47,   477.95
  352.91,   347.50,   602.91
  473.35,   101.78,   346.52
  475.85,    99.89,   471.21
  478.62,    98.16,   596.28
  472.99,   227.02,   348.35
  475.57,   225.49,   473.28
  478.24,   223.50,   598.17
  472.31,   351.85,   350.31
  474.92,   350.05,   475.41
  477.78,   348.06,   600.26
  598.42,   102.25,   343.75
  600.99,   100.13,   468.40
  603.79,    98.51,   593.60
  598.07,   227.40,   345.68
  600.78,   225.57,   470.49
  603.54,   223.67,   595.45
  597.40,   352.17,   347.52
  600.13,   350.49,   472.57
  603.04,   348.57,   597.60
  349.59,    99.05,   474.98
  350.60,   100.93,   600.01
  351.77,   102.77,   725.12
  346.82,   224.24,   473.37
  347.75,   226.00,   598.33
  348.64,   227.54,   723.21
  343.86,   348.80,   471.63
  345.03,   350.45,   596.62
  346.25,   352.12,   721.54
  474.35,   101.69,   473.56
  475.62,   103.61,   598.66
  477.09,   105.59,   723.95
  471.61,   227.25,   472.04
  472.77,   228.88,   596.96
  473.92,   230.17,   721.88
  468.51,   351.76,   470.55
  469.86,   353.39,   595.45
  471.27,   354.91,   720.20
  599.50,   104.32,   472.21
  600.80,   106.33,   597.42
  602.00,   108.54,   722.79
  596.79,   229.74,   470.70
  598.05,   231.46,   595.69
  599.12,   233.14,   720.81
  593.68,   354.60,   469.18
  595.09,   356.31,   594.23
  596.52,   357.94,   719.23
  351.29,   100.43,   598.91
  347.54,    98.15,   723.97
  344.00,    95.76,   849.03
  353.38,   225.51,   601.37
  349.32,   222.94,   726.19
  345.57,   220.50,   850.98
  355.59,   349.96,   603.82
  351.87,   347.52,   728.65
  348.14,   345.28,   853.45
  476.28,    98.09,   602.53
  472.86,    96.03,   727.80
  469.15,    93.85,   852.61
  478.38,   223.36,   604.93
  474.57,   220.56,   729.81
  470.63,   218.02,   854.39
  480.44,   347.91,   607.56
  476.86,   345.29,   732.25
  473.04,   342.73,   856.96
  601.40,    95.86,   606.28
  597.72,    94.01,   731.61
  593.87,    91.78,   856.25
  603.64,   220.94,   608.63
  599.67,   218.55,   733.69
  595.35,   215.89,   858.19
  605.68,   345.81,   611.30
  602.07,   343.34,   736.24
  598.05,   340.62,   860.86
  348.47,   223.06,    99.02
  347.09,   222.46,   224.02
  345.92,   222.12,   349.07
  348.92,   348.17,    99.65
  347.51,   347.54,   224.55
  346.11,   347.01,   349.59
  349.38,   473.28,   100.30
  347.93,   472.71,   225.12
  346.29,   471.98,   350.07
  473.64,   222.51,   100.44
  472.28,   222.00,   225.51
  470.85,   221.91,   350.42
  473.76,   347.86,   101.05
  472.42,   347.24,   225.87
  470.85,   346.76,   351.01
  474.16,   473.05,   101.71
  472.67,   472.40,   226.31
  470.97,   471.62,   351.53
  598.67,   222.41,   102.12
  597.27,   221.93,   227.05
  595.95,   221.56,   351.79
  598.89,   347.52,   102.44
  597.47,   346.72,   227.32
  595.96,   346.36,   352.29
  599.21,   472.54,   102.90
  597.75,   471.71,   227.63
  596.14,   471.28,   352.76
  351.70,   225.56,   225.87
  348.48,   224.80,   350.88
  345.06,   224.07,   475.89
  353.73,   350.64,   226.88
  350.28,   349.66,   351.88
  346.85,   348.67,   476.89
  355.75,   475.79,   227.93
  352.07,   474.60,   352.86
  348.59,   473.44,   477.84
  476.83,   223.48,   229.39
  473.35,   222.95,   354.25
  469.83,   222.33,   479.18
  478.59,   348.68,   230.23
  474.97,   347.77,   355.34
  471.50,   346.88,   480.42
  480.45,   473.81,   231.15
  476.71,   472.60,   356.35
  473.27,   471.49,   481.53
  601.76,   221.77,   232.95
  598.41,   220.94,   357.64
  595.00,   220.04,   482.45
  603.58,   346.51,   233.70
  600.05,   345.73,   358.63
  596.68,   344.95,   483.68
  605.49,   471.46,   234.51
  601.85,   470.64,   359.60
  598.46,   469.83,   484.83
  351.53,   224.73,   351.70
  354.41,   222.53,   476.70
  357.07,   220.08,   601.62
  350.53,   349.57,   354.18
  353.40,   347.09,   479.18
  356.29,   344.55,   604.12
  349.52,   474.50,   356.61
  352.35,   471.83,   481.60
  355.50,   469.27,   606.60
  476.43,   225.73,   348.79
  479.23,   223.62,   473.70
  482.13,   221.05,   598.57
  475.25,   350.55,   351.34
  478.09,   348.18,   476.42
  481.17,   345.62,   601.26
  474.19,   475.40,   353.81
  477.06,   472.78,   479.00
  480.33,   470.31,   603.91
  601.50,   226.61,   345.91
  604.44,   224.20,   470.70
  607.42,   221.72,   595.66
  600.34,   351.38,   348.34
  603.31,   349.12,   473.37
  606.44,   346.63,   598.39
  599.35,   476.30,   350.77
  602.28,   474.00,   475.98
  605.49,   471.54,   601.09
  349.94,   223.51,   475.93
  349.76,   220.27,   600.87
  349.53,   216.81,   725.72
  352.60,   348.04,   479.18
  352.68,   344.69,   604.14
  352.77,   341.35,   729.00
  355.24,   472.73,   482.39
  355.58,   469.37,   607.40
  356.03,   466.18,   732.36
  474.75,   220.88,   475.65
  474.81,   217.51,   600.55
  474.85,   213.82,   725.48
  477.31,   345.40,   479.15
  477.56,   342.02,   604.00
  477.81,   338.50,   728.74
  479.97,   469.95,   482.52
  480.42,   466.67,   607.43
  480.99,   463.49,   732.15
  599.96,   217.71,   475.38
  600.10,   214.45,   600.35
  600.00,   211.17,   725.47
  602.54,   342.59,   478.84
  602.83,   339.29,   603.86
  603.07,   335.92,   728.84
  605.21,   467.43,   482.23
  605.59,   464.15,   607.35
  606.08,   460.78,   732.30
  350.84,   225.30,   599.27
  347.11,   228.29,   724.07
  343.69,   231.40,   848.85
  349.89,   349.75,   596.05
  346.50,   352.86,   720.90
  343.11,   356.17,   845.71
  348.87,   474.47,   592.81
  345.82,   477.73,   717.77
  342.45,   481.15,   842.64
  475.86,   226.49,   602.52
  472.37,   229.24,   727.38
  468.77,   232.22,   851.96
  474.72,   351.03,   599.50
  471.50,   353.98,   724.18
  468.05,   357.00,   848.91
  473.68,   475.71,   596.44
  470.77,   479.01,   721.12
  467.43,   482.28,   846.00
  601.14,   227.42,   605.90
  597.53,   230.55,   730.95
  593.56,   233.41,   855.46
  599.96,   352.27,   602.92
  596.73,   355.35,   727.85
  593.16,   358.23,   852.54
  598.83,   477.17,   599.92
  595.82,   480.28,   724.81
  592.61,   483.42,   849.69
  348.23,   350.09,   100.14
  349.24,   353.06,   225.00
  350.23,   356.11,   350.01
  346.77,   475.15,    97.21
  347.75,   478.18,   222.00
  348.50,   481.04,   346.91
  345.19,   600.05,    94.21
  346.17,   603.22,   218.94
  346.88,   606.16,   343.76
  473.05,   351.69,    99.10
  474.13,   354.67,   223.86
  474.96,   357.74,   348.98
  471.54,   476.82,    96.21
  472.49,   479.78,   220.72
  473.20,   482.58,   345.90
  470.00,   601.57,    93.10
  471.02,   604.62,   217.62
  471.77,   607.62,   342.73
  598.18,   353.25,    98.02
  599.18,   356.02,   222.84
  600.08,   359.22,   347.78
  596.57,   478.25,    94.94
  597.56,   480.98,   219.58
  598.37,   484.13,   344.66
  594.95,   603.05,    91.87
  596.01,   605.95,   216.52
  597.00,   609.26,   341.65
  351.58,   350.91,   226.42
  347.88,   348.37,   351.39
  344.21,   345.82,   476.36
  354.40,   476.02,   229.05
  350.47,   473.28,   353.95
  346.75,   470.56,   478.90
  357.15,   601.03,   231.63
  353.15,   598.35,   356.46
  349.40,   595.67,   481.40
  476.41,   348.11,   229.98
  472.56,   345.63,   355.05
  468.84,   343.20,   480.10
  479.07,   473.19,   232.48
  475.09,   470.43,   357.65
  471.40,   467.76,   482.80
  481.91,   598.04,   235.02
  477.96,   595.44,   360.16
  474.33,   592.84,   485.35
  601.38,   345.09,   233.65
  597.60,   342.76,   358.56
  593.99,   340.42,   483.57
  604.08,   470.00,   236.04
  600.19,   467.62,   361.11
  596.56,   465.24,   486.30
  606.89,   595.02,   238.63
  603.14,   592.74,   363.75
  599.53,   590.36,   488.99
  348.06,   351.46,   351.21
  349.75,   352.96,   476.24
  351.49,   354.40,   601.23
  347.06,   476.43,   349.64
  348.70,   477.75,   474.65
  350.66,   479.17,   599.70
  346.16,   601.57,   348.03
  347.76,   602.94,   473.01
  349.74,   604.39,   598.12
  472.80,   352.37,   349.52
  474.45,   353.97,   474.65
  476.36,   355.39,   599.53
  471.75,   477.24,   347.98
  473.42,   478.61,   473.21
  475.51,   480.13,   598.18
  471.04,   602.31,   346.35
  472.76,   603.77,   471.59
  474.90,   605.31,   596.74
  597.90,   353.13,   347.67
  599.67,   354.86,   472.75
  601.63,   356.36,   597.81
  596.91,   478.06,   346.09
  598.65,   479.76,   471.34
  600.68,   481.30,   596.50
  596.26,   603.22,   344.60
  598.05,   604.93,   469.89
  599.98,   606.46,   595.11
  348.46,   349.26,   474.37
  347.49,   345.96,   599.33
  346.53,   342.68,   724.21
  351.11,   473.97,   477.54
  350.39,   470.64,   602.56
  349.80,   467.50,   727.54
  353.88,   599.07,   480.68
  353.21,   595.77,   605.76
  352.69,   592.65,   730.85
  473.14,   346.57,   475.39
  472.34,   343.25,   600.24
  471.55,   339.78,   724.97
  475.82,   471.12,   478.72
  475.21,   467.89,   603.64
  474.74,   464.76,   728.35
  478.87,   596.20,   481.90
  478.32,   592.99,   606.99
  477.87,   589.93,   731.86
  598.35,   343.73,   476.13
  597.60,   340.48,   601.14
  596.80,   337.14,   726.10
  601.04,   468.55,   479.49
  600.37,   465.32,   604.60
  599.83,   462.02,   729.54
  604.13,   593.66,   482.81
  603.35,   590.41,   607.99
  602.64,   587.02,   732.97
  350.21,   348.03,   599.34
  349.07,   348.46,   724.25
  347.93,   349.07,   849.13
  349.37,   472.79,   598.81
  348.58,   473.36,   723.84
  347.43,   474.10,   848.77
  348.43,   598.00,   598.24
  347.69,   598.58,   723.39
  346.56,   599.37,   848.43
  475.09,   349.07,   600.54
  474.12,   349.33,   725.31
  472.92,   349.64,   850.10
  474.22,   473.79,   600.19
  473.56,   474.40,   724.95
  472.46,   474.95,   849.91
  473.58,   598.97,   599.77
  472.94,   599.62,   724.71
  471.65,   600.41,   849.71
  600.37,   350.06,   601.73
  599.40,   350.46,   726.74
  598.06,   350.65,   851.50
  599.41,   475.00,   601.44
  598.66,   475.41,   726.41
  597.71,   475.85,   851.36
  598.67,   600.16,   601.06
  597.73,   600.51,   726.10
  596.74,   601.01,   851.06
  348.61,   474.29,   101.39
  347.64,   475.73,   226.21
  346.48,   477.02,   351.15
  349.63,   599.23,    99.95
  348.66,   600.81,   224.71
  347.44,   602.16,   349.57
  350.53,   723.93,    98.34
  349.62,   725.75,   223.11
  348.52,   727.39,   347.94
  473.38,   473.39,   102.32
  472.38,   474.76,   226.92
  471.16,   475.99,   352.14
  474.46,   598.18,   100.78
  473.50,   599.64,   225.38
  472.32,   601.05,   350.55
  475.48,   722.69,    99.17
  474.67,   724.38,   223.91
  473.71,   726.31,   348.88
  598.43,   472.21,   103.04
  597.46,   473.39,   227.76
  596.34,   474.99,   352.89
  599.40,   597.05,   101.53
  598.52,   598.42,   226.26
  597.56,   600.15,   351.44
  600.33,   721.73,   100.06
  599.67,   723.44,   225.03
  599.01,   725.39,   350.05
  351.29,   475.71,   226.79
  352.55,   478.63,   351.71
  354.00,   481.56,   476.70
  350.72,   600.76,   223.66
  351.92,   603.75,   348.48
  353.34,   606.73,   473.45
  350.08,   725.66,   220.41
  351.41,   728.96,   345.21
  352.82,   732.12,   470.16
  476.05,   476.29,   225.05
  477.26,   479.17,   350.23
  478.75,   482.15,   475.43
  475.57,   601.15,   221.87
  476.82,   604.21,   346.99
  478.37,   607.30,   472.21
  475.12,   725.84,   218.76
  476.60,   729.43,   343.69
  478.23,   732.79,   468.80
  601.13,   476.48,   223.44
  602.45,   479.72,   348.52
  604.01,   483.03,   473.75
  600.58,   601.48,   220.31
  602.07,   604.86,   345.43
  603.68,   608.18,   470.68
  600.11,   726.45,   217.43
  601.90,   730.07,   342.41
  603.57,   733.43,   467.49
  349.33,   473.35,   349.04
  347.46,   473.28,   474.06
  345.91,   473.29,   599.11
  350.08,   598.49,   348.83
  348.17,   598.46,   473.83
  346.64,   598.50,   598.94
  350.95,   723.74,   348.57
  349.02,   723.87,   473.56
  347.32,   723.92,   598.68
  474.01,   472.53,   350.91
  472.18,   472.50,   476.14
  470.74,   472.60,   601.10
  474.95,   597.60,   350.70
  473.16,   597.65,   475.95
  471.78,   597.78,   601.08
  476.13,   722.86,   350.40
  474.41,   723.17,   475.56
  472.93,   723.16,   600.88
  599.18,   471.72,   352.55
  597.41,   472.01,   477.82
  595.92,   472.12,   602.97
  600.18,   596.89,   352.47
  598.44,   597.18,   477.78
  596.86,   597.29,   603.00
  601.43,   722.15,   352.46
  599.75,   722.47,   477.60
  597.94,   722.47,   602.91
  349.63,   474.94,   474.40
  346.88,   477.31,   599.40
  344.28,   479.87,   724.39
  349.84,   600.11,   471.81
  347.10,   602.51,   596.86
  344.52,   605.07,   721.96
  350.19,   725.50,   469.17
  347.27,   727.92,   594.24
  344.46,   730.34,   719.41
  474.34,   474.73,   477.69
  471.71,   477.20,   602.60
  469.24,   479.79,   727.31
  474.82,   599.87,   475.13
  472.24,   602.36,   600.21
  469.77,   605.00,   725.11
  475.56,   725.37,   472.38
  472.87,   727.73,   597.64
  470.15,   730.01,   722.90
  599.56,   474.81,   480.57
  596.86,   477.28,   605.68
  594.30,   479.69,   730.59
  600.09,   599.97,   478.16
  597.30,   602.43,   603.34
  594.55,   604.77,   728.32
  600.88,   725.24,   475.63
  597.87,   727.60,   600.89
  594.75,   729.79,   726.13
  348.52,   472.67,   601.54
  351.74,   475.00,   726.52
  354.60,   477.48,   851.40
  346.07,   597.84,   599.28
  349.35,   600.17,   724.39
  352.23,   602.73,   849.39
  343.55,   723.23,   596.94
  346.62,   725.42,   722.14
  349.50,   727.90,   847.29
  473.32,   475.12,   598.86
  476.68,   477.48,   723.59
  479.61,   479.79,   848.51
  471.16,   600.26,   596.75
  474.54,   602.66,   721.67
  477.29,   605.19,   846.62
  469.12,   725.62,   594.44
  472.26,   727.66,   719.73
  474.63,   730.19,   844.62
  598.44,   477.78,   596.06
  601.71,   479.94,   721.00
  604.81,   482.13,   845.92
  596.21,   602.90,   593.99
  599.27,   605.00,   719.00
  602.29,   607.21,   843.92
  594.14,   728.06,   591.81
  596.84,   730.03,   717.07
  599.39,   732.14,   841.96
  348.76,   600.35,   100.30
  346.67,   598.25,   225.04
  344.33,   595.91,   349.88
  347.08,   725.05,   102.33
  345.04,   723.20,   227.09
  342.81,   721.13,   351.90
  345.28,   849.84,   104.44
  343.44,   847.98,   229.09
  341.35,   846.19,   353.95
  473.59,   601.83,   102.26
  471.49,   599.62,   226.84
  469.18,   597.34,   352.00
  472.04,   726.31,   104.28
  470.07,   724.37,   229.01
  467.97,   722.59,   353.97
  470.49,   851.18,   106.59
  468.57,   849.29,   231.38
  466.57,   847.73,   356.00
  598.50,   603.22,   104.14
  596.49,   600.94,   228.86
  594.39,   598.98,   354.02
  596.86,   727.88,   106.34
  595.08,   725.95,   231.27
  593.27,   724.22,   356.26
  595.33,   852.71,   108.74
  593.52,   851.10,   233.67
  591.68,   849.42,   358.29
  350.04,   600.88,   223.71
  346.44,   604.04,   348.50
  343.05,   607.20,   473.41
  349.99,   725.78,   220.29
  346.51,   729.25,   345.05
  343.09,   732.56,   469.95
  349.94,   850.51,   216.87
  346.62,   854.23,   341.63
  343.17,   857.70,   466.63
  474.85,   600.80,   226.75
  471.29,   604.03,   351.85
  468.04,   607.27,   477.01
  475.00,   725.51,   223.46
  471.66,   729.26,   348.35
  468.46,   732.77,   473.41
  475.05,   850.40,   220.40
  471.80,   854.32,   344.95
  468.51,   857.99,   469.86
  599.83,   600.68,   230.01
  596.49,   604.23,   355.12
  593.29,   607.68,   480.35
  599.97,   725.67,   226.95
  596.93,   729.44,   351.89
  593.78,   732.95,   476.95
  599.96,   850.78,   223.91
  596.85,   854.60,   348.47
  593.62,   858.07,   473.30
  348.86,   599.78,   350.75
  350.44,   595.84,   475.71
  352.41,   591.97,   600.77
  352.09,   724.93,   354.32
  353.67,   721.16,   479.27
  355.50,   717.30,   604.37
  355.37,   849.92,   357.92
  356.91,   846.32,   482.94
  358.62,   842.30,   608.01
  473.69,   596.57,   349.03
  475.38,   592.72,   474.24
  477.48,   588.96,   599.32
  477.23,   721.75,   352.59
  479.01,   718.14,   477.71
  481.03,   714.23,   602.99
  480.58,   846.84,   356.17
  482.31,   843.44,   481.17
  484.20,   839.37,   606.56
  598.88,   593.54,   347.21
  600.62,   589.94,   472.46
  602.51,   586.16,   597.62
  602.49,   718.71,   351.05
  604.30,   715.14,   476.15
  605.95,   711.26,   601.39
  605.64,   843.87,   354.69
  607.43,   840.25,   479.60
  609.07,   836.18,   604.99
  348.34,   599.56,   474.84
  346.26,   603.11,   599.88
  344.34,   606.82,   724.97
  345.59,   724.88,   471.00
  343.32,   728.45,   596.05
  341.16,   732.03,   721.21
  342.88,   850.01,   467.28
  340.45,   853.41,   592.29
  338.15,   856.78,   717.34
  473.32,   602.42,   477.42
  471.40,   606.06,   602.49
  469.58,   609.84,   727.39
  470.95,   727.87,   473.45
  468.92,   731.37,   598.69
  466.86,   734.78,   723.95
  468.23,   853.09,   469.50
  466.02,   856.45,   594.84
  463.91,   859.38,   720.25
  598.58,   605.62,   479.72
  596.44,   609.23,   604.88
  594.33,   612.71,   729.86
  596.27,   730.83,   475.96
  593.93,   734.33,   601.21
  591.46,   737.66,   726.47
  593.33,   855.92,   471.93
  590.98,   859.25,   597.33
  588.64,   862.23,   723.02
  350.35,   599.88,   599.10
  354.45,   602.71,   724.16
  358.11,   605.77,   849.14
  347.74,   725.25,   596.28
  351.63,   727.94,   721.45
  355.28,   730.92,   846.56
  345.19,   850.27,   593.52
  348.92,   852.71,   718.62
  352.47,   855.66,   843.69
  475.43,   602.38,   595.75
  479.60,   605.27,   720.64
  483.16,   608.29,   845.56
  473.29,   727.72,   592.96
  477.22,   730.25,   718.23
  480.39,   733.25,   843.09
  470.72,   852.88,   590.10
  474.61,   854.93,   715.56
  477.88,   857.68,   840.38
  600.45,   605.10,   592.17
  604.28,   607.68,   717.15
  608.12,   610.36,   842.05
  598.26,   730.24,   589.50
  601.73,   732.70,   714.74
  605.10,   735.28,   839.62
  595.65,   855.23,   586.60
  599.22,   857.35,   712.28
  602.56,   859.89,   837.32
  473.44,   100.80,    98.73
  473.32,   101.55,   223.80
  473.19,   102.41,   348.50
  472.06,   225.73,    97.68
  472.19,   226.48,   222.76
  472.24,   227.65,   347.68
  470.91,   351.06,    97.04
  471.06,   351.73,   221.84
  470.98,   352.49,   346.98
  598.25,   102.04,    98.77
  598.32,   102.86,   223.74
  598.28,   103.41,   348.28
  597.11,   226.88,    97.85
  597.18,   227.66,   222.81
  597.34,   228.58,   347.57
  596.05,   352.01,    96.92
  596.12,   352.47,   221.79
  596.09,   353.36,   346.77
  722.91,   103.40,    98.52
  723.17,   104.28,   223.66
  723.35,   104.34,   348.22
  721.95,   228.28,    98.06
  722.05,   229.16,   222.88
  722.63,   229.31,   347.55
  721.27,   353.07,    96.88
  721.09,   353.30,   221.79
  721.42,   354.06,   346.49
  473.66,   100.14,   226.48
  473.73,    99.24,   351.17
  473.87,    98.25,   475.90
  471.70,   225.06,   227.18
  471.96,   224.50,   352.10
  472.18,   223.87,   477.07
  469.74,   350.28,   228.00
  469.87,   349.32,   353.16
  470.12,   348.41,   478.29
  598.66,   102.28,   226.22
  598.82,   101.07,   350.75
  599.03,    99.89,   475.46
  596.69,   227.07,   227.03
  597.06,   226.25,   351.79
  597.40,   225.33,   476.65
  594.79,   351.86,   227.76
  594.97,   351.04,   352.75
  595.33,   350.24,   477.85
  723.50,   104.53,   225.95
  723.89,   102.84,   350.50
  724.33,   101.54,   475.30
  721.57,   229.39,   226.90
  722.34,   227.79,   351.59
  722.79,   226.52,   476.45
  719.76,   353.52,   227.56
  720.31,   352.57,   352.27
  720.86,   351.83,   477.26
  476.63,   101.19,   349.37
  474.90,   101.73,   474.10
  473.42,   102.43,   599.21
  476.50,   226.44,   348.78
  474.83,   227.33,   473.75
  473.24,   227.75,   598.68
  476.04,   351.29,   348.31
  474.40,   351.89,   473.45
  473.01,   352.31,   598.34
  601.72,   101.38,   350.82
  600.07,   101.71,   475.53
  598.62,   102.52,   600.77
  601.60,   226.56,   350.34
  600.06,   227.16,   475.20
  598.56,   227.68,   600.20
  601.16,   351.36,   349.77
  599.63,   352.08,   474.86
  598.28,   352.58,   599.92
  726.78,   101.51,   352.43
  725.36,   101.72,   477.24
  723.77,   102.61,   602.46
  726.89,   226.47,   352.01
  725.46,   226.71,   476.87
  723.89,   227.59,   601.91
  726.50,   351.25,   351.16
  725.17,   352.04,   476.14
  723.69,   352.71,   601.46
  474.19,   101.38,   472.89
  472.22,    99.31,   597.98
  470.50,    97.37,   723.29
  471.87,   226.94,   475.27
  469.80,   224.60,   600.17
  467.70,   221.94,   725.08
  469.21,   351.45,   477.69
  467.33,   349.12,   602.54
  465.46,   346.66,   727.27
  599.34,   103.57,   474.86
  597.39,   101.62,   600.07
  595.41,    99.89,   725.45
  597.06,   228.99,   477.25
  595.08,   226.75,   602.22
  592.88,   224.44,   727.31
  594.39,   353.86,   479.64
  592.56,   351.59,   604.66
  590.71,   349.23,   729.61
  724.60,   105.76,   477.11
  722.52,   103.91,   602.29
  719.82,   102.18,   727.57
  722.44,   230.75,   479.43
  720.38,   228.87,   604.46
  717.77,   227.30,   729.74
  719.89,   356.04,   481.45
  717.94,   353.93,   606.76
  715.83,   351.88,   732.09
  475.69,   101.89,   601.01
  472.62,   101.12,   726.29
  469.27,   100.24,   851.11
  471.91,   227.14,   601.95
  468.48,   225.66,   726.84
  464.95,   224.43,   851.47
  468.08,   351.64,   603.08
  464.91,   350.37,   727.79
  461.51,   349.17,   852.55
  600.81,   105.56,   604.42
  597.46,   105.00,   729.75
  593.89,   104.06,   854.42
  597.13,   230.65,   605.32
  593.60,   229.53,   730.39
  589.71,   228.19,   854.94
  593.26,   355.47,   606.51
  590.10,   354.30,   731.44
  586.55,   352.94,   856.14
  725.85,   109.21,   607.95
  721.77,   108.68,   733.20
  717.89,   107.48,   858.04
  722.36,   234.16,   608.88
  718.43,   233.77,   734.15
  714.07,   232.25,   858.86
  718.57,   359.19,   609.92
  715.14,   358.30,   735.23
  711.45,   357.25,   859.89
  475.66,   223.70,    98.83
  472.91,   224.09,   223.87
  470.09,   224.88,   348.77
  476.81,   349.04,    98.58
  474.09,   349.32,   223.36
  471.14,   349.73,   348.48
  478.24,   474.22,    98.37
  475.39,   474.48,   222.92
  472.30,   474.60,   348.11
  600.66,   222.57,   101.90
  597.87,   222.99,   226.81
  595.16,   223.52,   351.53
  601.93,   347.68,   101.35
  599.11,   347.77,   226.20
  596.22,   348.31,   351.15
  603.28,   472.69,   100.93
  600.43,   472.75,   225.63
  597.43,   473.23,   350.73
  725.41,   221.75,   104.99
  722.74,   222.19,   229.75
  720.42,   221.93,   354.40
  727.04,   346.44,   104.24
  724.05,   346.34,   229.07
  721.54,   346.72,   353.75
  728.48,   471.15,   103.52
  725.52,   471.04,   228.56
  722.80,   471.80,   353.28
  475.74,   224.48,   226.01
  478.27,   224.99,   350.91
  480.76,   225.42,   475.85
  475.75,   349.72,   225.76
  478.14,   349.84,   350.88
  480.66,   350.00,   476.00
  475.86,   474.88,   225.57
  478.13,   474.71,   350.78
  480.67,   474.65,   476.00
  600.71,   224.55,   223.60
  603.36,   224.77,   348.32
  605.99,   224.89,   473.15
  600.78,   349.33,   223.24
  603.25,   349.56,   348.18
  605.90,   349.84,   473.24
  600.93,   474.32,   222.93
  603.30,   474.50,   348.02
  605.92,   474.77,   473.26
  725.55,   224.93,   221.20
  728.62,   224.36,   345.85
  731.36,   224.10,   470.69
  725.72,   349.06,   220.77
  728.56,   349.11,   345.44
  731.41,   349.43,   470.37
  726.03,   473.77,   220.51
  728.67,   474.21,   345.23
  731.44,   474.79,   470.22
  476.81,   225.57,   349.50
  474.11,   225.99,   474.44
  471.48,   225.95,   599.36
  476.23,   350.41,   349.48
  473.56,   350.55,   474.60
  471.12,   350.51,   599.48
  475.76,   475.29,   349.39
  473.11,   475.20,   474.61
  470.87,   475.24,   599.56
  601.90,   225.81,   352.09
  599.32,   225.94,   476.93
  596.78,   226.01,   601.91
  601.33,   350.61,   351.97
  598.77,   350.87,   477.05
  596.38,   350.90,   602.09
  600.93,   475.54,   351.84
  598.34,   475.77,   477.10
  596.03,   475.83,   602.24
  727.18,   225.82,   354.80
  724.70,   225.61,   479.64
  722.08,   226.05,   604.67
  726.66,   350.62,   354.40
  724.29,   350.95,   479.37
  721.77,   351.15,   604.69
  726.31,   475.74,   354.22
  723.86,   476.28,   479.27
  721.27,   476.30,   604.68
  473.34,   223.66,   475.13
  470.98,   222.15,   600.04
  468.60,   220.31,   724.97
  475.86,   348.20,   476.82
  473.69,   346.68,   601.69
  471.54,   345.03,   726.43
  478.47,   472.80,   478.37
  476.50,   471.37,   603.31
  474.67,   470.06,   728.04
  598.54,   220.52,   477.31
  596.25,   219.12,   602.30
  593.75,   217.66,   727.41
  601.06,   345.42,   478.97
  598.93,   343.98,   604.00
  596.77,   342.45,   728.98
  603.69,   470.29,   480.55
  601.64,   468.87,   605.69
  599.73,   467.37,   730.64
  723.88,   217.09,   479.74
  721.52,   216.07,   604.76
  718.57,   215.34,   730.05
  726.56,   342.38,   481.02
  724.30,   341.13,   606.31
  721.85,   339.98,   731.66
  729.19,   467.69,   482.41
  726.86,   466.22,   607.84
  724.51,   464.41,   733.20
  473.05,   224.95,   599.60
  472.79,   225.05,   724.55
  472.41,   225.38,   849.23
  473.19,   349.52,   599.26
  473.18,   349.82,   724.03
  472.95,   350.17,   848.83
  473.43,   474.24,   598.88
  473.74,   474.89,   723.65
  473.61,   475.48,   848.61
  598.37,   224.50,   599.78
  598.00,   224.99,   724.92
  597.25,   225.25,   849.57
  598.47,   349.40,   599.49
  598.47,   349.83,   724.50
  598.09,   350.06,   849.28
  598.62,   474.33,   599.17
  598.84,   474.79,   724.15
  598.86,   475.26,   849.11
  723.71,   224.01,   600.14
  722.94,   225.26,   725.46
  721.69,   225.44,   850.35
  723.90,   349.13,   599.68
  723.61,   349.87,   725.08
  723.03,   350.46,   849.90
  723.91,   474.30,   599.20
  723.66,   474.40,   724.60
  723.96,   475.20,   849.37
  475.37,   348.42,   100.51
  473.65,   349.81,   225.32
  471.71,   351.32,   350.45
  476.18,   473.60,    99.19
  474.33,   474.96,   223.75
  472.26,   476.18,   348.96
  476.99,   598.40,    97.67
  475.19,   599.85,   222.23
  473.15,   601.25,   347.39
  600.50,   347.69,   102.28
  598.70,   348.89,   227.14
  596.81,   350.53,   352.10
  601.23,   472.71,   100.75
  599.40,   473.87,   225.46
  597.42,   475.45,   350.57
  601.94,   597.55,    99.26
  600.20,   598.90,   223.98
  598.38,   600.61,   349.14
  725.64,   347.08,   104.16
  723.66,   348.07,   229.00
  722.16,   349.56,   353.69
  726.46,   471.81,   102.32
  724.52,   472.79,   227.37
  722.81,   474.65,   352.11
  727.02,   596.77,   100.83
  725.33,   598.15,   226.02
  723.88,   600.13,   350.87
  476.25,   350.36,   226.34
  479.70,   348.50,   351.43
  483.29,   346.70,   476.50
  477.50,   475.49,   228.10
  480.82,   473.35,   353.27
  484.44,   471.32,   478.46
  478.93,   600.37,   229.91
  482.29,   598.40,   355.04
  485.96,   596.44,   480.26
  601.25,   348.89,   222.75
  604.79,   347.14,   347.64
  608.50,   345.45,   472.65
  602.54,   473.85,   224.39
  605.97,   472.06,   349.43
  609.66,   470.36,   474.62
  603.91,   598.88,   226.24
  607.50,   597.24,   351.34
  611.21,   595.53,   476.57
  726.15,   347.56,   219.21
  730.07,   345.62,   343.83
  733.98,   343.93,   468.72
  727.61,   472.23,   220.89
  731.31,   470.68,   345.56
  735.15,   469.28,   470.49
  728.99,   597.59,   222.85
  732.97,   596.19,   347.64
  736.65,   594.59,   472.55
  474.10,   349.13,   351.15
  476.49,   346.82,   476.25
  479.11,   344.32,   601.10
  471.95,   473.96,   353.59
  474.37,   471.40,   478.78
  477.19,   468.99,   603.70
  470.15,   598.99,   355.93
  472.62,   596.51,   481.15
  475.50,   594.12,   606.24
  599.18,   351.03,   348.63
  601.69,   348.83,   473.67
  604.37,   346.40,   598.69
  597.10,   475.94,   351.01
  599.58,   473.70,   476.24
  602.34,   471.30,   601.36
  595.36,   601.08,   353.49
  597.88,   598.84,   478.76
  600.53,   596.41,   603.94
  724.48,   352.76,   346.05
  727.19,   350.60,   470.97
  729.75,   348.34,   596.25
  722.47,   477.84,   348.38
  725.08,   475.91,   473.38
  727.58,   473.48,   598.75
  720.85,   603.31,   351.05
  723.32,   601.18,   476.03
  725.39,   598.59,   601.21
  473.65,   349.93,   475.23
  475.28,   351.65,   600.11
  476.96,   353.25,   724.87
  471.00,   474.53,   473.51
  472.82,   476.34,   598.47
  474.80,   478.29,   723.22
  468.72,   599.64,   471.61
  470.59,   601.49,   596.74
  472.58,   603.47,   721.69
  598.84,   352.41,   473.58
  600.53,   354.21,   598.64
  602.22,   355.94,   723.64
  596.21,   477.27,   471.90
  597.97,   479.11,   597.05
  599.86,   480.86,   722.02
  593.99,   602.41,   470.15
  595.66,   604.24,   595.38
  597.35,   605.93,   720.41
  724.35,   354.66,   471.80
  725.91,   356.63,   597.10
  727.31,   358.61,   722.50
  721.72,   479.95,   469.96
  723.21,   481.78,   595.36
  724.61,   483.15,   720.73
  719.46,   605.22,   468.37
  720.55,   606.90,   593.57
  721.61,   608.22,   718.77
  476.04,   349.25,   600.21
  474.35,   350.96,   724.95
  472.45,   352.71,   849.73
  474.08,   473.95,   598.40
  472.71,   476.00,   723.14
  470.90,   478.00,   848.08
  472.34,   599.10,   596.51
  470.99,   601.19,   721.43
  469.01,   603.42,   846.40
  601.30,   351.36,   602.09
  599.62,   353.19,   727.08
  597.57,   354.83,   851.82
  599.24,   476.27,   600.33
  597.78,   478.13,   725.28
  596.12,   480.01,   850.22
  597.42,   601.40,   598.49
  595.77,   603.20,   723.51
  594.05,   605.14,   848.45
  726.68,   353.33,   603.94
  724.71,   355.45,   729.31
  722.51,   357.44,   854.05
  724.48,   478.46,   602.02
  722.55,   479.95,   727.37
  721.23,   482.17,   852.12
  722.29,   603.59,   600.05
  720.05,   605.01,   725.25
  718.97,   606.84,   850.47
  474.38,   474.45,   100.99
  471.49,   473.98,   225.56
  468.39,   473.38,   350.76
  477.90,   599.19,   101.34
  475.04,   598.83,   225.92
  471.96,   598.40,   351.08
  481.36,   723.66,   101.62
  478.64,   723.54,   226.35
  475.78,   723.63,   351.32
  599.36,   470.81,   103.57
  596.49,   470.17,   228.28
  593.47,   469.92,   353.39
  602.77,   595.61,   103.95
  599.99,   595.16,   228.68
  597.12,   595.04,   353.84
  606.13,   720.27,   104.40
  603.58,   720.16,   229.35
  601.02,   720.26,   354.35
  724.52,   467.16,   106.18
  721.54,   466.35,   231.20
  718.80,   466.39,   355.93
  727.78,   592.07,   106.57
  725.08,   591.68,   231.72
  722.56,   591.83,   356.55
  730.90,   717.09,   107.22
  728.40,   717.01,   232.57
  726.21,   717.08,   357.41
  474.95,   475.34,   225.36
  471.21,   472.93,   350.53
  467.76,   470.61,   475.70
  475.75,   600.21,   227.48
  472.04,   597.98,   352.61
  468.63,   595.74,   477.80
  476.60,   724.96,   229.66
  473.11,   723.24,   354.60
  469.77,   721.24,   479.71
  599.98,   474.21,   228.71
  596.34,   472.17,   353.78
  592.94,   470.16,   479.00
  600.73,   599.24,   230.87
  597.23,   597.32,   355.99
  593.87,   595.31,   481.25
  601.59,   724.28,   233.29
  598.39,   722.57,   358.25
  595.08,   720.59,   483.36
  725.07,   473.11,   232.25
  721.70,   471.34,   356.95
  718.44,   469.64,   481.98
  725.85,   598.49,   234.54
  722.72,   596.82,   359.33
  719.29,   594.92,   484.33
  726.44,   723.84,   237.16
  723.61,   722.08,   361.94
  720.22,   720.07,   486.72
  476.28,   474.60,   351.14
  472.79,   477.31,   476.30
  469.71,   480.16,   601.20
  477.35,   599.64,   348.19
  473.91,   602.45,   473.37
  470.87,   605.32,   598.44
  478.65,   724.86,   345.17
  475.28,   727.94,   470.24
  472.13,   730.69,   595.48
  601.42,   473.75,   354.45
  597.99,   476.78,   479.66
  594.84,   479.64,   604.75
  602.55,   598.90,   351.64
  599.16,   601.93,   476.88
  595.92,   604.78,   602.04
  603.91,   724.12,   348.91
  600.58,   727.19,   473.97
  597.12,   729.93,   599.21
  726.79,   472.85,   357.69
  723.49,   476.19,   482.70
  720.05,   478.99,   608.07
  728.03,   598.31,   355.07
  724.58,   601.45,   480.04
  720.73,   604.11,   605.21
  729.10,   723.54,   352.69
  725.72,   726.58,   477.43
  721.57,   729.18,   602.30
  472.47,   473.63,   474.27
  469.20,   470.98,   599.16
  466.08,   468.44,   723.84
  473.54,   598.75,   476.85
  470.32,   596.12,   601.90
  467.22,   593.65,   726.75
  474.87,   724.25,   479.24
  471.56,   721.47,   604.49
  468.20,   718.68,   729.69
  597.66,   472.98,   477.76
  594.33,   470.34,   602.84
  591.14,   467.64,   727.71
  598.78,   598.13,   480.49
  595.36,   595.47,   605.64
  592.01,   592.70,   730.58
  600.17,   723.39,   483.09
  596.52,   720.62,   608.34
  592.79,   717.73,   733.52
  723.16,   472.27,   480.94
  719.56,   469.58,   606.30
  715.97,   466.55,   731.59
  724.19,   597.54,   483.78
  720.19,   594.69,   608.96
  716.33,   591.53,   734.13
  725.28,   722.68,   486.65
  720.91,   719.75,   611.56
  716.56,   716.61,   736.74
  476.69,   473.59,   600.00
  478.44,   476.34,   724.74
  479.75,   479.02,   849.68
  473.31,   598.68,   597.48
  475.07,   601.47,   722.41
  476.20,   604.39,   847.38
  470.04,   724.00,   594.77
  471.56,   726.44,   720.07
  472.32,   729.37,   844.97
  601.82,   477.50,   598.77
  603.47,   480.04,   723.74
  604.96,   482.63,   848.67
  598.36,   602.59,   596.30
  599.80,   605.07,   721.33
  601.21,   607.68,   846.27
  595.05,   727.70,   593.72
  596.14,   730.05,   719.00
  597.08,   732.57,   843.89
  727.04,   481.30,   597.27
  728.18,   483.47,   722.64
  729.96,   486.34,   847.41
  723.22,   606.38,   594.69
  724.03,   608.49,   719.87
  725.98,   610.97,   845.13
  719.57,   731.40,   592.06
  719.89,   733.52,   717.21
  721.38,   735.67,   842.76
  474.44,   599.73,   101.48
  472.75,   600.74,   226.08
  470.83,   601.70,   351.25
  471.49,   724.21,   100.27
  469.93,   725.46,   225.01
  468.23,   726.94,   349.98
  468.55,   849.06,    99.32
  467.03,   850.36,   224.16
  465.42,   852.02,   348.79
  599.34,   602.56,   102.92
  597.73,   603.50,   227.66
  596.04,   604.78,   352.84
  596.29,   727.21,   101.87
  594.91,   728.49,   226.83
  593.51,   730.00,   351.84
  593.38,   852.01,   101.00
  591.95,   853.60,   226.00
  590.48,   855.16,   350.63
  724.36,   605.49,   104.37
  722.83,   606.49,   229.55
  721.53,   608.03,   354.42
  721.09,   730.47,   103.52
  719.74,   731.79,   228.91
  718.69,   733.22,   353.78
  718.14,   855.25,   102.61
  716.67,   857.01,   228.05
  715.12,   858.07,   352.68
  476.24,   600.34,   223.27
  478.44,   598.71,   348.42
  480.93,   597.08,   473.67
  475.27,   725.08,   224.86
  477.69,   723.96,   349.83
  480.27,   722.58,   474.98
  474.22,   850.03,   226.67
  476.74,   849.10,   351.28
  479.25,   847.92,   476.29
  601.24,   601.27,   220.79
  603.67,   599.95,   345.92
  606.21,   598.58,   471.19
  600.25,   726.29,   222.62
  602.98,   725.19,   347.62
  605.59,   723.84,   472.74
  599.14,   851.44,   224.45
  601.80,   850.40,   349.09
  604.37,   849.01,   474.01
  726.33,   602.40,   218.60
  729.16,   601.33,   343.44
  731.69,   600.08,   468.38
  725.07,   727.74,   220.61
  728.15,   726.59,   345.48
  730.77,   725.24,   470.25
  723.87,   853.02,   222.47
  726.47,   851.46,   347.13
  729.07,   850.04,   471.73
  474.80,   601.63,   350.47
  475.99,   604.15,   475.70
  477.58,   606.74,   600.83
  474.73,   726.87,   347.71
  475.99,   729.66,   472.84
  477.47,   732.10,   598.15
  474.45,   851.96,   345.03
  475.61,   854.92,   470.01
  476.93,   857.24,   595.41
  600.05,   602.15,   349.27
  601.29,   604.91,   474.55
  602.65,   607.47,   599.76
  600.04,   727.37,   346.80
  601.34,   730.17,   471.91
  602.48,   732.62,   597.20
  599.52,   852.55,   344.13
  600.74,   855.31,   469.01
  601.88,   857.60,   594.43
  725.57,   602.82,   348.08
  726.77,   605.68,   473.06
  727.52,   608.07,   598.25
  725.24,   728.04,   345.97
  726.53,   730.82,   470.75
  727.00,   733.15,   595.63
  724.21,   852.91,   343.46
  725.46,   855.59,   468.04
  726.40,   858.25,   592.91
  474.98,   601.04,   474.00
  472.72,   601.34,   599.12
  470.58,   601.77,   724.05
  477.33,   726.56,   473.48
  474.97,   726.71,   598.78
  472.58,   726.80,   724.07
  479.32,   851.87,   472.96
  476.81,   851.89,   598.37
  474.37,   851.50,   723.85
  600.23,   599.48,   476.70
  597.77,   599.74,   601.91
  595.35,   599.88,   726.92
  602.64,   724.75,   476.40
  599.95,   724.92,   601.69
  597.15,   724.93,   726.95
  604.43,   849.92,   475.83
  601.74,   849.92,   601.27
  598.99,   849.61,   726.97
  725.67,   597.94,   479.05
  722.61,   598.03,   604.28
  719.65,   597.79,   729.49
  727.79,   723.10,   479.04
  724.39,   723.11,   603.96
  720.92,   722.88,   729.17
  729.14,   847.93,   478.69
  726.18,   848.23,   603.57
  722.93,   848.00,   728.91
  473.15,   599.01,   599.26
  477.36,   596.94,   724.14
  480.95,   594.98,   849.06
  474.37,   724.37,   601.38
  478.32,   721.96,   726.63
  481.49,   720.06,   851.44
  475.18,   849.54,   603.42
  479.08,   846.65,   728.89
  482.19,   844.66,   853.55
  598.18,   598.53,   595.68
  602.09,   596.15,   720.65
  606.00,   593.89,   845.56
  599.33,   723.70,   597.91
  602.84,   721.20,   723.12
  606.31,   718.84,   847.95
  600.08,   848.69,   599.94
  603.63,   845.89,   725.59
  606.90,   843.60,   850.47
  723.07,   597.96,   591.67
  726.37,   595.21,   716.83
  730.78,   592.86,   841.98
  723.84,   723.03,   593.83
  726.61,   720.27,   718.92
  730.70,   717.58,   844.47
  724.54,   848.11,   595.89
  727.57,   845.41,   721.10
  731.28,   842.72,   846.63
  599.07,   101.81,    99.01
  598.13,   103.36,   223.97
  597.08,   104.63,   348.49
  595.75,   226.60,    97.33
  594.80,   228.10,   222.28
  593.93,   229.76,   347.03
  592.48,   351.70,    95.66
  591.55,   352.88,   220.51
  590.48,   354.50,   345.49
  723.69,   105.38,    99.75
  722.94,   106.98,   224.88
  722.12,   107.75,   349.44
  720.55,   230.21,    98.53
  719.63,   231.79,   223.32
  719.18,   232.69,   347.99
  717.67,   354.95,    96.59
  716.48,   355.90,   221.49
  715.77,   357.41,   346.19
  848.69,   108.34,   100.22
  847.75,   109.89,   225.66
  846.80,   110.98,   350.67
  845.56,   233.22,    99.06
  844.67,   234.81,   224.43
  844.10,   235.64,   349.13
  842.49,   358.10,    97.36
  841.41,   359.10,   222.51
  840.94,   360.44,   347.08
  600.86,   101.09,   227.04
  599.11,    99.98,   351.56
  597.43,    98.91,   476.27
  597.20,   225.84,   227.70
  595.66,   225.13,   352.44
  594.09,   224.34,   477.29
  593.59,   350.59,   228.25
  591.87,   349.88,   353.24
  590.31,   349.20,   478.33
  725.66,   105.00,   228.68
  724.15,   103.42,   353.23
  722.69,   102.25,   478.02
  722.04,   229.82,   229.47
  720.90,   228.35,   354.15
  719.44,   227.21,   479.00
  718.52,   353.93,   229.96
  717.16,   353.10,   354.67
  715.79,   352.49,   479.66
  850.44,   108.22,   230.22
  848.81,   106.99,   355.21
  847.54,   105.92,   480.06
  847.06,   233.12,   231.32
  845.78,   231.62,   356.03
  844.29,   230.53,   480.90
  843.46,   357.43,   231.72
  842.32,   356.44,   356.29
  840.97,   355.75,   481.12
  598.14,   101.15,   348.18
  596.53,   101.40,   472.88
  595.14,   102.13,   598.11
  595.21,   226.30,   347.73
  593.70,   226.84,   472.59
  592.25,   227.28,   597.58
  591.94,   351.06,   347.20
  590.45,   351.71,   472.30
  589.15,   352.12,   597.35
  723.18,   104.09,   349.74
  721.80,   104.21,   474.53
  720.27,   105.02,   599.74
  720.45,   229.03,   349.33
  719.07,   229.21,   474.18
  717.56,   229.98,   599.23
  717.23,   353.77,   348.54
  715.94,   354.49,   473.52
  714.53,   355.07,   598.83
  847.86,   107.14,   351.61
  846.66,   107.37,   476.47
  845.27,   107.98,   601.34
  845.36,   231.79,   351.11
  843.94,   232.01,   475.98
  842.51,   233.02,   600.91
  842.40,   356.61,   350.07
  841.14,   357.24,   474.87
  839.46,   357.89,   600.21
  601.51,    97.77,   476.12
  601.81,    99.36,   601.38
  602.01,   101.17,   726.76
  605.00,   223.15,   475.00
  605.22,   224.46,   600.01
  605.21,   225.75,   725.16
  608.04,   348.05,   473.87
  608.41,   349.33,   598.95
  608.77,   350.55,   724.00
  726.76,    94.38,   476.10
  726.90,    96.00,   601.37
  726.43,    97.77,   726.67
  730.34,   219.23,   475.01
  730.50,   220.90,   600.05
  730.09,   222.95,   725.36
  733.54,   344.50,   473.48
  733.78,   345.97,   598.80
  733.83,   347.50,   724.22
  851.56,    91.37,   476.37
  851.90,    92.71,   601.27
  851.47,    94.14,   726.34
  855.11,   215.89,   475.23
  855.40,   217.73,   600.11
  855.33,   220.04,   725.24
  858.60,   340.97,   473.32
  858.57,   342.51,   598.56
  858.19,   344.07,   724.04
  598.92,    99.72,   598.41
  597.61,    99.32,   723.81
  596.07,    98.57,   848.57
  599.70,   224.88,   599.28
  598.16,   223.93,   724.41
  596.24,   222.75,   849.05
  600.26,   349.78,   600.44
  599.07,   348.77,   725.44
  597.51,   347.55,   850.20
  724.07,    98.97,   599.91
  722.06,    98.55,   725.22
  720.24,    97.61,   850.16
  725.03,   223.94,   600.81
  723.08,   223.74,   726.12
  720.64,   222.46,   850.99
  725.67,   349.06,   601.80
  724.20,   348.36,   727.19
  722.42,   347.49,   851.98
  849.11,    98.28,   601.35
  847.07,    97.56,   726.42
  844.85,    96.32,   851.95
  849.98,   223.37,   602.37
  848.30,   223.48,   727.55
  845.77,   222.19,   853.37
  850.54,   348.21,   603.08
  848.62,   347.56,   728.58
  846.96,   347.08,   853.56
  600.94,   225.58,   100.28
  600.38,   225.16,   225.22
  599.92,   224.85,   349.97
  598.02,   350.66,   100.52
  597.45,   349.92,   225.39
  596.80,   349.62,   350.38
  595.20,   475.66,   100.90
  594.60,   474.89,   225.62
  593.84,   474.53,   350.76
  725.73,   228.87,   101.12
  725.24,   228.51,   225.93
  725.18,   227.42,   350.61
  723.18,   353.57,   101.14
  722.40,   352.62,   226.03
  722.11,   352.18,   350.74
  720.41,   478.28,   101.23
  719.71,   477.34,   226.31
  719.21,   477.26,   351.08
  850.78,   231.50,   101.30
  850.28,   231.13,   226.70
  850.06,   230.06,   351.43
  847.99,   356.37,   101.56
  847.36,   355.47,   226.73
  847.27,   354.87,   351.32
  845.19,   481.22,   101.82
  844.54,   480.34,   226.97
  844.57,   480.18,   351.40
  598.65,   224.56,   226.37
  599.68,   224.91,   351.12
  600.67,   225.17,   475.98
  596.68,   349.34,   225.92
  597.52,   349.70,   350.90
  598.54,   350.09,   475.99
  594.80,   474.33,   225.52
  595.54,   474.62,   350.65
  596.52,   474.97,   475.93
  723.51,   226.95,   225.58
  724.95,   226.52,   350.26
  726.06,   226.41,   475.12
  721.64,   351.08,   225.05
  722.85,   351.29,   349.76
  724.06,   351.73,   474.73
  719.92,   475.81,   224.70
  720.92,   476.38,   349.46
  722.05,   477.05,   474.52
  848.57,   228.62,   224.84
  849.84,   228.20,   349.58
  850.89,   228.16,   474.46
  846.61,   352.97,   224.25
  848.02,   353.01,   348.84
  849.23,   353.36,   473.64
  844.75,   477.84,   223.86
  846.27,   478.33,   348.29
  847.49,   478.82,   473.05
  600.22,   225.75,   350.33
  600.84,   226.64,   475.19
  601.51,   227.46,   600.20
  596.42,   350.49,   349.48
  597.05,   351.52,   474.57
  597.88,   352.31,   599.64
  592.78,   475.38,   348.61
  593.39,   476.35,   473.88
  594.30,   477.19,   599.04
  725.46,   228.99,   349.81
  726.20,   229.53,   474.67
  726.80,   230.70,   599.73
  721.70,   353.72,   348.68
  722.54,   354.81,   473.66
  723.25,   355.78,   598.99
  718.13,   478.78,   347.78
  718.88,   480.09,   472.83
  719.52,   480.90,   598.24
  850.32,   232.31,   349.47
  851.01,   232.91,   474.35
  851.70,   234.28,   599.28
  846.85,   357.10,   348.10
  847.70,   358.09,   472.89
  848.10,   359.11,   598.22
  843.46,   482.38,   346.95
  844.31,   483.52,   471.71
  844.40,   484.32,   597.17
  599.05,   225.35,   473.54
  598.57,   226.45,   598.55
  597.88,   227.50,   723.68
  595.05,   350.21,   472.62
  594.71,   351.29,   597.68
  594.39,   352.28,   722.68
  591.16,   475.03,   471.61
  590.91,   476.15,   596.77
  590.81,   477.19,   721.73
  724.40,   228.47,   474.16
  723.86,   229.91,   599.21
  722.80,   231.71,   724.53
  720.53,   353.74,   472.84
  720.08,   354.98,   598.17
  719.49,   356.24,   723.55
  716.64,   479.00,   471.71
  716.14,   480.09,   597.11
  715.59,   480.76,   722.48
  849.22,   232.07,   474.97
  848.77,   233.72,   599.90
  847.96,   235.82,   725.10
  845.69,   357.24,   473.21
  844.96,   358.54,   598.54
  843.84,   359.81,   724.09
  842.07,   482.66,   471.72
  841.03,   483.75,   597.19
  839.66,   484.55,   722.79
  600.93,   226.79,   599.49
  598.16,   223.33,   724.56
  595.02,   219.64,   849.14
  603.83,   351.61,   603.23
  601.41,   348.09,   728.17
  598.59,   344.34,   852.84
  606.77,   476.48,   606.93
  604.58,   472.95,   731.85
  602.17,   469.46,   856.71
  726.20,   223.47,   602.17
  723.00,   220.75,   727.41
  719.33,   216.93,   852.19
  729.18,   348.50,   605.75
  726.46,   345.32,   731.07
  723.41,   341.89,   855.76
  731.95,   473.56,   609.29
  729.31,   469.70,   734.61
  727.26,   466.67,   859.21
  851.10,   220.53,   604.87
  848.17,   218.12,   729.99
  844.36,   214.22,   855.75
  853.95,   345.27,   608.17
  850.83,   342.15,   733.60
  847.94,   339.14,   858.54
  856.67,   470.36,   611.40
  853.22,   466.71,   736.93
  851.36,   463.85,   861.42
  601.29,   348.39,   100.62
  600.04,   348.97,   225.49
  598.72,   349.99,   350.46
  603.79,   473.39,    99.71
  602.51,   473.92,   224.43
  601.09,   474.90,   349.55
  606.25,   598.21,    98.84
  605.06,   598.94,   223.58
  603.80,   600.05,   348.75
  726.43,   346.02,   101.95
  724.99,   346.40,   226.82
  724.05,   347.26,   351.51
  729.00,   470.74,   100.73
  727.60,   471.08,   225.81
  726.46,   472.32,   350.55
  731.32,   595.67,    99.87
  730.17,   596.43,   225.08
  729.29,   597.80,   349.93
  851.23,   343.52,   103.05
  849.96,   343.97,   228.22
  849.20,   344.64,   352.81
  853.71,   468.38,   102.02
  852.41,   468.82,   227.14
  851.79,   469.93,   351.56
  856.13,   593.42,   101.12
  854.93,   594.19,   226.48
  854.51,   595.35,   351.02
  599.08,   350.01,   223.57
  599.56,   353.28,   348.50
  600.20,   356.59,   473.57
  595.34,   474.93,   220.25
  595.72,   478.13,   345.34
  596.33,   481.40,   470.58
  591.69,   599.86,   217.13
  592.21,   603.20,   342.26
  592.88,   606.49,   467.54
  724.00,   353.59,   222.98
  724.84,   356.71,   347.63
  725.68,   360.11,   472.56
  720.42,   478.25,   219.71
  721.06,   481.73,   344.44
  721.82,   485.34,   469.45
  716.74,   603.50,   216.71
  717.67,   607.12,   341.58
  718.33,   610.55,   466.57
  848.92,   357.33,   222.44
  849.97,   360.31,   346.98
  850.83,   363.60,   471.71
  845.20,   482.13,   219.16
  846.37,   485.55,   343.55
  847.24,   488.97,   468.25
  841.50,   607.44,   216.26
  842.87,   610.92,   340.86
  843.63,   614.17,   465.51
  598.86,   351.35,   351.53
  599.01,   350.02,   476.62
  599.34,   348.47,   601.68
  596.40,   476.26,   353.00
  596.52,   474.89,   478.28
  596.93,   473.36,   603.42
  594.28,   601.41,   354.57
  594.44,   600.04,   479.87
  594.76,   598.49,   605.09
  724.19,   353.42,   351.28
  724.53,   352.15,   476.26
  724.73,   350.76,   601.59
  721.79,   478.51,   352.70
  722.04,   477.46,   477.76
  722.18,   475.89,   603.19
  719.79,   603.98,   354.46
  719.90,   602.73,   479.49
  719.62,   601.00,   604.72
  849.35,   355.63,   351.26
  849.69,   354.26,   476.06
  849.60,   352.93,   601.38
  847.15,   480.95,   352.41
  847.47,   479.70,   477.19
  847.04,   478.13,   602.67
  845.07,   606.38,   354.30
  845.22,   604.96,   479.01
  844.39,   603.27,   604.16
  601.17,   348.85,   476.84
  598.46,   350.85,   601.87
  595.76,   352.77,   726.83
  597.67,   473.69,   474.85
  595.05,   475.72,   599.97
  592.57,   477.68,   724.89
  594.59,   598.79,   472.80
  591.89,   600.82,   597.99
  589.24,   602.73,   722.98
  726.63,   352.02,   479.42
  723.80,   354.20,   604.72
  720.82,   356.40,   730.06
  723.14,   477.29,   477.28
  720.25,   479.29,   602.67
  717.32,   480.89,   727.99
  720.00,   602.53,   475.37
  716.72,   604.39,   600.57
  713.49,   605.91,   725.74
  851.72,   355.18,   482.16
  848.59,   357.41,   607.46
  845.11,   359.62,   732.95
  848.51,   480.58,   479.65
  845.04,   482.58,   605.10
  841.32,   484.33,   730.65
  845.27,   605.80,   477.83
  841.42,   607.68,   602.94
  837.61,   609.41,   728.16
  598.08,   349.88,   601.57
  595.63,   350.20,   726.55
  592.81,   350.32,   851.29
  600.28,   474.80,   601.40
  598.05,   475.15,   726.35
  595.61,   475.53,   851.28
  602.69,   599.95,   601.15
  600.26,   600.22,   726.16
  597.81,   600.67,   851.10
  723.46,   347.60,   604.23
  720.72,   348.24,   729.58
  717.69,   348.68,   854.33
  725.50,   472.73,   603.90
  722.82,   472.73,   729.26
  720.71,   473.47,   853.97
  727.52,   597.86,   603.49
  724.54,   597.76,   728.71
  722.78,   598.16,   853.90
  848.30,   345.19,   606.79
  845.13,   345.91,   732.28
  842.20,   346.76,   857.20
  850.31,   470.36,   606.14
  846.82,   470.54,   731.72
  844.85,   471.48,   856.32
  852.26,   595.52,   605.68
  848.72,   595.74,   730.96
  847.10,   596.07,   856.40
  601.23,   475.01,   100.23
  597.86,   477.00,   224.89
  594.32,   479.40,   349.97
  604.19,   599.80,    97.99
  600.91,   601.98,   222.67
  597.54,   604.52,   347.78
  607.08,   724.45,    95.77
  604.03,   726.95,   220.71
  600.98,   729.72,   345.66
  726.39,   471.89,   103.40
  722.91,   473.71,   228.40
  719.65,   476.40,   353.10
  729.21,   596.82,   101.15
  725.97,   599.03,   226.29
  722.98,   601.83,   351.11
  731.89,   721.79,    99.14
  728.81,   724.34,   224.52
  726.11,   727.04,   349.34
  851.04,   469.07,   106.84
  847.70,   470.97,   231.86
  844.96,   473.56,   356.22
  853.96,   594.10,   104.55
  850.72,   596.34,   229.83
  848.19,   598.96,   354.33
  856.69,   718.93,   102.33
  853.41,   721.54,   228.05
  850.90,   724.17,   352.93
  600.92,   476.29,   226.52
  599.32,   474.61,   351.64
  597.97,   472.97,   476.90
  599.40,   601.32,   228.29
  597.95,   599.76,   353.46
  596.63,   598.12,   478.75
  597.98,   726.35,   230.32
  596.83,   725.01,   355.32
  595.57,   723.39,   480.47
  726.03,   477.50,   228.07
  724.71,   476.09,   352.80
  723.50,   474.76,   477.85
  724.53,   602.88,   229.97
  723.47,   601.57,   354.81
  722.10,   600.04,   479.83
  722.85,   728.21,   232.18
  722.06,   726.81,   357.03
  720.74,   725.18,   481.84
  850.87,   479.28,   229.57
  850.08,   477.75,   353.97
  848.92,   476.22,   478.75
  849.34,   604.68,   231.57
  848.75,   603.19,   356.09
  847.42,   601.48,   480.81
  847.49,   729.92,   233.81
  846.90,   728.44,   358.68
  845.62,   726.77,   483.23
  600.40,   475.08,   348.78
  603.25,   475.52,   474.02
  606.37,   475.79,   599.17
  603.55,   600.23,   348.49
  606.44,   600.68,   473.76
  609.43,   600.93,   598.97
  606.92,   725.46,   348.28
  609.87,   725.93,   473.39
  612.62,   726.07,   598.66
  725.73,   472.03,   345.76
  728.73,   472.79,   470.75
  731.58,   473.04,   596.14
  728.99,   597.51,   345.65
  731.86,   598.08,   470.61
  734.27,   598.17,   595.80
  732.06,   722.77,   345.79
  735.01,   723.23,   470.55
  737.08,   723.23,   595.41
  850.99,   469.19,   342.77
  854.10,   469.73,   467.46
  856.42,   469.98,   592.85
  854.15,   594.61,   342.73
  857.13,   594.97,   467.38
  859.09,   595.13,   592.51
  856.81,   719.85,   343.21
  859.83,   720.22,   467.81
  861.75,   720.24,   592.28
  600.18,   476.53,   473.38
  597.84,   480.03,   598.49
  595.65,   483.45,   723.39
  603.77,   601.63,   470.01
  601.33,   605.12,   595.18
  598.92,   608.46,   720.17
  607.61,   726.83,   466.53
  604.94,   730.23,   591.75
  602.15,   733.44,   717.00
  725.66,   473.50,   475.66
  723.05,   476.97,   601.03
  720.39,   480.03,   726.33
  729.19,   598.72,   472.41
  726.16,   602.05,   597.58
  723.15,   605.03,   722.74
  732.74,   723.82,   469.24
  729.41,   727.07,   594.08
  725.88,   730.03,   719.20
  851.02,   470.14,   477.90
  847.86,   473.62,   603.32
  844.41,   476.86,   728.85
  854.44,   595.31,   474.71
  850.91,   598.71,   599.83
  847.34,   601.97,   725.03
  857.55,   720.51,   472.01
  853.98,   723.76,   596.41
  850.27,   726.63,   721.09
  599.31,   476.49,   602.25
  602.33,   478.07,   727.21
  605.16,   479.69,   852.14
  597.18,   601.62,   600.76
  599.99,   603.14,   725.77
  602.77,   604.80,   850.71
  595.19,   726.78,   599.16
  597.63,   728.17,   724.42
  599.95,   729.73,   849.28
  724.53,   478.94,   599.45
  727.06,   480.15,   724.80
  730.20,   482.10,   849.54
  722.03,   604.06,   597.83
  724.23,   605.21,   723.01
  727.61,   606.76,   848.24
  719.70,   729.13,   596.17
  721.40,   730.28,   721.32
  724.34,   731.47,   846.87
  849.39,   481.10,   596.36
  851.06,   482.52,   721.92
  854.10,   484.52,   846.68
  846.83,   606.23,   594.73
  848.45,   607.66,   719.93
  851.78,   609.16,   845.43
  844.29,   731.40,   593.11
  845.76,   732.39,   717.82
  848.97,   733.53,   843.87
  599.74,   598.81,   100.39
  596.47,   595.24,   225.03
  593.08,   592.00,   350.12
  596.35,   723.40,   103.76
  593.30,   720.18,   228.62
  590.21,   717.17,   353.57
  593.08,   848.15,   107.35
  590.02,   845.25,   232.23
  586.94,   842.33,   356.82
  724.73,   601.97,   103.58
  721.54,   598.45,   228.67
  718.53,   595.47,   353.45
  721.10,   726.90,   107.19
  718.13,   723.72,   232.46
  715.41,   720.67,   357.24
  717.80,   851.71,   110.78
  714.69,   848.90,   236.08
  711.59,   845.49,   360.65
  849.48,   605.41,   106.99
  846.30,   601.93,   232.25
  843.78,   598.80,   356.70
  845.85,   730.24,   110.43
  842.71,   727.13,   236.10
  840.24,   724.00,   360.86
  842.84,   855.25,   114.07
  839.49,   852.23,   239.70
  836.48,   848.69,   364.26
  600.00,   598.69,   224.90
  599.13,   595.42,   350.02
  598.39,   592.09,   475.29
  602.15,   723.67,   228.65
  601.59,   720.63,   353.63
  600.90,   717.32,   478.75
  604.17,   848.81,   232.40
  603.57,   845.81,   357.03
  602.87,   842.47,   481.97
  725.13,   596.64,   225.90
  724.63,   593.63,   350.71
  723.86,   590.42,   475.68
  727.01,   721.95,   229.84
  726.83,   718.87,   354.66
  726.10,   715.55,   479.43
  728.89,   847.17,   233.65
  728.29,   843.68,   358.26
  727.63,   840.36,   482.86
  849.93,   594.85,   226.83
  849.90,   591.66,   351.30
  849.20,   588.28,   475.97
  851.66,   720.07,   230.77
  851.68,   716.89,   355.61
  851.01,   713.49,   480.14
  853.78,   845.19,   234.48
  853.33,   841.73,   359.18
  852.33,   838.72,   483.75
  601.60,   600.18,   348.81
  602.29,   601.37,   474.11
  603.10,   602.37,   599.35
  600.04,   725.41,   347.91
  600.79,   726.63,   473.05
  601.39,   727.53,   598.37
  597.99,   850.61,   346.80
  598.68,   851.80,   471.72
  599.28,   852.53,   597.18
  727.11,   602.42,   348.15
  727.77,   603.72,   473.16
  727.98,   604.55,   598.38
  725.23,   727.65,   347.61
  725.97,   728.86,   472.41
  725.90,   729.63,   597.33
  722.66,   852.52,   346.65
  723.38,   853.66,   471.28
  723.77,   854.72,   596.19
  852.34,   604.46,   347.43
  853.08,   605.57,   472.14
  852.79,   606.45,   597.27
  850.04,   729.71,   347.24
  850.83,   730.88,   471.84
  850.52,   731.63,   596.27
  847.75,   854.52,   346.18
  848.14,   855.93,   470.78
  848.25,   857.63,   595.03
  599.26,   600.05,   474.20
  595.73,   600.46,   599.38
  592.26,   600.76,   724.36
  601.64,   725.33,   473.76
  597.89,   725.64,   599.02
  594.05,   725.80,   724.27
  603.40,   850.50,   473.06
  599.65,   850.65,   598.46
  595.86,   850.49,   724.14
  724.67,   598.54,   477.62
  720.56,   598.79,   602.83
  716.53,   598.70,   728.01
  726.77,   723.70,   477.48
  722.32,   723.87,   602.38
  717.79,   723.79,   727.56
  728.09,   848.53,   476.99
  724.08,   848.98,   601.85
  719.79,   848.90,   727.19
  849.93,   596.55,   480.93
  845.27,   596.86,   606.08
  840.68,   597.02,   731.34
  851.58,   721.83,   481.22
  846.83,   721.96,   605.64
  842.06,   721.73,   730.49
  852.76,   847.05,   480.88
  848.48,   848.01,   604.99
  844.41,   848.03,   729.52
  601.08,   601.36,   599.08
  600.34,   598.73,   724.09
  599.58,   596.25,   849.03
  603.09,   726.51,   601.59
  601.95,   723.76,   726.84
  600.77,   721.19,   851.70
  604.70,   851.46,   603.91
  603.62,   848.41,   729.61
  602.24,   845.92,   854.48
  725.96,   599.80,   599.69
  724.65,   596.79,   724.91
  724.54,   594.26,   850.09
  727.56,   724.85,   602.11
  725.74,   721.84,   727.30
  725.33,   718.93,   852.88
  729.16,   849.96,   604.45
  727.58,   846.97,   729.76
  726.76,   844.06,   855.36
  850.77,   597.97,   600.15
  848.88,   595.28,   725.42
  848.81,   592.71,   850.85
  852.18,   723.06,   602.62
  850.18,   719.95,   727.44
  850.06,   717.01,   853.53
  853.65,   849.11,   604.81
  852.37,   846.21,   729.32
  851.99,   842.76,   855.62
