27, 125, pa2-unknown-j-output1.txt
  193.35,   198.37,   198.55
  397.53,   396.52,   192.46
   99.84,   100.06,   100.74
  100.43,    98.50,   225.63
  101.89,    97.12,   351.01
  100.36,   225.01,   102.62
  101.19,   223.30,   227.69
  102.74,   221.96,   352.35
  100.83,   349.54,   104.44
  102.04,   348.04,   229.16
  103.08,   347.03,   353.65
  224.90,    99.49,    99.85
  225.72,    98.02,   224.91
  226.91,    96.10,   349.77
  225.46,   224.57,   101.49
  226.24,   222.93,   226.56
  227.34,   221.31,   351.01
  225.85,   349.00,   103.48
  226.62,   347.80,   228.33
  227.82,   346.69,   352.55
  349.25,    98.39,    98.88
  350.41,    96.79,   224.06
  351.60,    95.55,   348.69
  350.02,   223.87,   100.33
  350.86,   222.53,   225.26
  352.15,   221.30,   350.05
  350.87,   348.81,   101.83
  351.93,   347.51,   226.73
  352.97,   345.94,   351.53
   99.29,    98.99,   224.90
   96.91,   100.83,   349.82
   94.29,   102.95,   475.07
   99.63,   223.95,   223.36
   97.43,   225.62,   347.81
   94.83,   227.25,   472.78
  100.47,   348.50,   221.88
   98.05,   350.58,   346.08
   95.23,   352.24,   470.91
  224.41,    98.48,   227.53
  221.95,    99.92,   352.32
  219.84,   101.76,   477.41
  224.83,   223.85,   226.38
  222.49,   225.02,   350.88
  220.06,   226.78,   475.43
  225.23,   348.37,   224.63
  222.47,   350.42,   349.02
  219.83,   352.19,   473.48
  349.27,    97.56,   230.64
  346.76,    99.65,   355.39
  344.00,   102.02,   480.22
  349.34,   223.40,   228.67
  346.97,   225.04,   353.21
  344.08,   227.23,   478.46
  350.48,   348.37,   227.02
  347.45,   350.02,   351.71
  344.62,   351.37,   476.29
   99.08,   101.49,   349.25
  100.18,   101.05,   474.30
  101.27,   100.91,   599.30
   99.20,   226.09,   349.71
  100.41,   225.62,   474.48
  101.00,   225.54,   599.43
   99.12,   351.21,   349.96
   99.86,   351.10,   474.93
  100.38,   350.93,   600.28
  224.27,   100.94,   348.22
  225.29,   100.45,   473.39
  226.46,   100.77,   598.90
  223.92,   226.22,   348.82
  225.07,   225.37,   473.50
  226.09,   225.46,   599.12
  223.90,   351.59,   349.50
  224.75,   350.86,   473.94
  225.27,   350.32,   599.19
  348.80,   101.12,   347.60
  349.90,   100.85,   472.86
  350.75,   100.88,   598.28
  348.49,   226.69,   348.09
  349.52,   226.55,   473.10
  350.71,   226.13,   598.27
  349.10,   351.44,   348.36
  349.76,   350.43,   473.28
  350.13,   349.84,   598.61
   98.93,   102.01,   475.61
  100.40,   100.10,   600.26
  101.08,    98.79,   725.36
   97.82,   226.45,   477.04
   99.17,   224.71,   602.31
  100.25,   222.91,   728.01
   96.93,   351.89,   478.96
   97.76,   349.97,   604.33
   98.34,   348.50,   729.80
  224.32,   102.37,   474.06
  225.33,   101.15,   599.62
  225.97,   100.02,   725.14
  223.06,   227.34,   475.77
  224.25,   225.67,   601.40
  225.21,   224.66,   726.93
  221.40,   352.65,   477.78
  222.36,   350.84,   603.09
  223.37,   348.99,   728.74
  348.54,   103.83,   472.85
  349.78,   102.17,   598.75
  350.90,   100.29,   724.40
  347.18,   229.41,   474.85
  348.48,   227.50,   600.19
  349.79,   225.87,   725.65
  346.39,   353.35,   476.48
  347.30,   351.03,   601.82
  348.53,   349.32,   727.57
  102.53,    99.33,   600.42
  101.50,    98.18,   725.34
  100.02,    96.25,   850.61
  100.55,   223.83,   601.81
   99.61,   222.41,   727.67
   98.25,   220.82,   852.93
   97.71,   348.95,   603.69
   96.67,   347.85,   729.26
   96.65,   346.03,   854.66
  227.92,   101.34,   601.62
  226.69,   100.64,   726.94
  225.35,    98.89,   851.56
  225.50,   225.95,   602.73
  224.76,   224.99,   728.61
  223.41,   223.84,   853.87
  222.49,   350.89,   604.28
  221.58,   349.14,   729.99
  221.86,   347.78,   855.59
  352.02,   103.45,   602.44
  351.39,   101.97,   728.26
  350.65,   100.06,   852.84
  349.73,   228.72,   603.40
  349.15,   227.45,   728.79
  348.72,   225.48,   854.08
  347.40,   352.04,   604.89
  346.69,   350.68,   730.63
  346.53,   349.69,   855.42
  100.29,   226.97,   102.03
  101.46,   224.47,   227.07
  103.12,   221.83,   351.78
  102.60,   351.40,   104.87
  104.47,   349.11,   229.67
  106.13,   346.86,   353.96
  105.25,   476.30,   106.81
  107.14,   473.90,   231.99
  108.96,   472.08,   356.11
  225.19,   224.05,   100.40
  226.34,   222.02,   225.33
  228.23,   218.87,   349.87
  227.61,   348.63,   103.14
  229.02,   346.60,   228.17
  230.74,   344.30,   352.25
  230.46,   473.57,   105.59
  232.01,   471.42,   230.27
  233.90,   469.50,   354.41
  349.51,   221.14,    98.48
  350.88,   218.78,   223.20
  352.44,   216.90,   348.12
  352.67,   346.13,   101.13
  354.18,   343.91,   226.05
  355.82,   341.33,   350.43
  355.44,   470.86,   103.20
  357.12,   468.73,   228.34
  359.07,   466.18,   353.11
  100.17,   225.60,   224.71
   97.01,   228.59,   349.40
   93.88,   231.24,   473.81
   98.39,   350.50,   222.38
   94.88,   353.46,   346.30
   91.37,   356.40,   471.08
   95.99,   475.09,   219.02
   92.99,   478.40,   343.49
   89.58,   481.65,   467.99
  225.23,   228.20,   228.53
  221.98,   230.54,   352.90
  218.64,   233.30,   477.66
  223.01,   352.91,   225.91
  219.75,   355.93,   349.99
  215.99,   358.86,   474.38
  221.03,   477.77,   223.03
  217.50,   480.96,   346.93
  213.57,   484.10,   471.42
  349.93,   230.38,   231.26
  346.14,   233.53,   356.11
  342.74,   236.52,   481.24
  347.94,   355.39,   228.82
  344.70,   357.91,   353.22
  340.83,   360.41,   477.96
  346.04,   480.38,   225.92
  342.43,   482.91,   350.39
  338.66,   485.07,   475.13
  101.04,   223.67,   350.67
  104.85,   224.97,   475.58
  108.43,   226.78,   600.43
   97.48,   348.46,   349.41
  101.13,   350.18,   474.05
  103.91,   352.08,   599.30
   94.20,   473.58,   348.30
   97.64,   475.43,   473.13
  100.55,   477.22,   598.07
  226.07,   227.30,   347.12
  229.84,   228.64,   471.82
  233.26,   230.20,   597.50
  222.20,   352.74,   346.03
  225.61,   353.97,   470.57
  228.68,   355.27,   595.67
  218.66,   477.89,   344.76
  221.91,   479.12,   469.28
  225.00,   480.25,   594.41
  350.15,   231.32,   343.74
  353.97,   233.00,   468.62
  357.51,   234.37,   594.07
  347.10,   356.15,   342.30
  350.30,   356.83,   467.23
  353.72,   357.97,   592.45
  343.73,   480.83,   341.22
  346.94,   481.31,   466.12
  350.12,   482.27,   591.11
  102.47,   226.26,   474.31
   99.47,   222.80,   599.42
   96.66,   219.48,   724.78
  105.30,   351.58,   477.88
  102.39,   348.11,   603.08
   99.01,   344.67,   728.66
  108.61,   476.76,   481.45
  105.17,   473.61,   606.70
  101.73,   469.93,   732.17
  227.32,   222.67,   476.95
  224.63,   219.46,   602.06
  221.87,   216.83,   727.74
  229.95,   348.21,   480.46
  226.82,   344.32,   605.50
  224.02,   340.86,   731.36
  232.92,   473.20,   483.97
  229.83,   469.39,   609.02
  226.79,   464.99,   734.79
  351.47,   220.36,   479.92
  348.81,   216.86,   605.08
  346.46,   213.61,   730.22
  354.66,   344.50,   483.09
  351.95,   340.49,   608.61
  349.08,   337.13,   733.88
  358.03,   468.45,   486.87
  355.18,   464.48,   612.09
  352.16,   461.01,   737.69
  100.13,   222.88,   600.72
   96.50,   226.82,   726.10
   93.09,   230.36,   851.33
   96.02,   348.27,   597.11
   92.59,   352.05,   722.36
   89.97,   355.35,   847.65
   93.18,   473.74,   593.50
   89.46,   477.56,   718.68
   86.58,   480.17,   844.14
  224.89,   226.65,   603.88
  221.82,   230.97,   729.29
  218.39,   234.55,   854.83
  220.55,   351.51,   599.66
  217.46,   354.78,   725.73
  215.59,   358.44,   851.24
  217.30,   476.40,   596.04
  214.15,   479.22,   721.45
  212.41,   482.42,   846.90
  349.16,   230.46,   606.50
  346.21,   233.97,   731.95
  343.47,   237.68,   856.73
  345.89,   353.95,   602.74
  342.60,   357.41,   728.45
  340.37,   361.69,   853.09
  342.53,   478.14,   599.19
  339.44,   481.56,   724.73
  336.89,   485.92,   849.42
   99.68,   348.17,   101.00
   98.33,   348.22,   226.17
   96.88,   348.18,   350.39
   96.98,   472.68,   100.66
   95.85,   472.75,   225.80
   94.48,   473.40,   350.00
   95.02,   597.68,   100.40
   93.27,   597.78,   225.07
   92.08,   598.67,   349.79
  224.64,   350.54,   103.01
  223.06,   350.87,   227.97
  221.49,   350.92,   351.91
  222.33,   475.50,   102.89
  220.93,   475.76,   227.75
  219.07,   476.15,   351.84
  220.26,   600.49,   102.21
  218.78,   600.58,   226.64
  216.68,   601.08,   351.42
  349.86,   353.23,   104.19
  348.00,   353.59,   229.05
  346.29,   353.61,   353.90
  347.43,   477.82,   104.07
  345.66,   478.50,   228.98
  344.07,   478.01,   353.86
  345.19,   602.85,   103.73
  343.11,   602.99,   228.59
  341.51,   603.21,   353.37
   99.45,   348.54,   224.42
  101.48,   351.50,   348.53
  103.35,   354.93,   472.93
  100.82,   472.90,   221.20
  103.23,   476.53,   345.53
  105.05,   480.33,   470.20
  102.64,   598.22,   217.52
  105.21,   601.89,   342.19
  107.38,   605.20,   466.55
  224.09,   346.98,   222.48
  226.20,   350.14,   346.81
  228.21,   353.15,   471.09
  226.08,   471.86,   219.50
  227.77,   475.13,   343.68
  229.64,   478.41,   468.11
  228.10,   596.71,   215.33
  230.08,   600.06,   340.04
  231.80,   603.68,   465.17
  349.28,   345.32,   220.02
  350.99,   348.37,   344.71
  352.99,   350.95,   469.39
  350.81,   470.39,   216.84
  353.14,   473.06,   341.58
  355.08,   475.27,   466.34
  352.60,   594.90,   213.43
  354.40,   597.79,   338.47
  356.34,   600.87,   463.42
  102.04,   350.57,   349.34
   99.18,   352.57,   474.25
   95.96,   355.03,   599.28
   99.29,   475.73,   347.83
   96.60,   477.80,   472.51
   93.46,   480.01,   597.59
   96.75,   600.62,   345.54
   94.29,   603.08,   470.49
   91.34,   605.01,   595.30
  226.54,   353.62,   352.17
  223.84,   355.60,   476.84
  220.58,   357.38,   601.99
  223.97,   478.78,   350.24
  221.29,   480.95,   474.90
  217.74,   482.43,   600.01
  221.86,   603.56,   348.45
  219.03,   605.85,   473.20
  216.22,   607.63,   598.16
  351.66,   356.19,   355.03
  348.66,   357.47,   479.52
  345.76,   359.03,   605.10
  349.02,   480.81,   353.20
  346.28,   482.04,   477.86
  342.97,   483.20,   603.13
  346.26,   605.92,   351.34
  343.28,   607.62,   476.45
  340.63,   609.37,   601.55
  101.56,   349.15,   475.61
  102.99,   349.66,   600.85
  103.79,   350.05,   726.51
  105.11,   474.57,   475.57
  106.37,   475.24,   600.80
  107.18,   474.86,   726.26
  109.10,   600.01,   475.69
  110.34,   600.09,   600.70
  111.60,   599.76,   726.13
  226.49,   345.86,   474.05
  227.47,   345.89,   599.30
  229.05,   345.64,   725.32
  229.82,   471.24,   473.86
  230.66,   470.62,   599.37
  231.85,   470.02,   724.66
  233.59,   596.21,   474.34
  235.19,   596.22,   599.32
  236.43,   595.68,   723.89
  351.31,   341.97,   472.83
  352.45,   341.88,   597.87
  353.94,   341.88,   723.47
  354.73,   466.15,   472.86
  356.00,   465.47,   598.01
  357.25,   465.62,   723.54
  358.24,   591.59,   472.98
  359.63,   591.62,   598.12
  361.03,   591.36,   723.02
   98.59,   350.82,   598.73
   95.19,   348.80,   724.03
   92.68,   345.92,   849.43
   94.79,   476.03,   601.14
   91.28,   473.82,   726.40
   88.57,   470.99,   851.53
   91.85,   600.62,   603.23
   88.51,   598.52,   728.88
   85.36,   595.92,   853.83
  223.15,   354.11,   601.57
  220.12,   351.76,   727.64
  218.16,   349.51,   853.22
  219.30,   479.34,   603.66
  216.14,   476.04,   729.31
  214.56,   473.31,   854.60
  216.48,   604.77,   605.87
  213.32,   601.91,   730.91
  209.92,   598.99,   855.61
  348.47,   357.27,   604.90
  345.24,   354.89,   730.36
  342.70,   353.05,   855.27
  344.31,   481.38,   607.41
  341.12,   479.13,   732.49
  339.04,   477.45,   857.20
  340.83,   607.22,   609.65
  337.85,   604.79,   734.40
  334.47,   602.50,   859.15
   99.28,   472.76,   100.58
   99.38,   474.82,   225.85
   99.58,   477.40,   350.07
   96.30,   597.75,    98.72
   96.01,   599.66,   223.07
   96.33,   602.46,   347.94
   93.96,   723.16,    95.85
   93.61,   725.18,   220.58
   93.54,   727.40,   345.27
  224.41,   476.16,   101.22
  224.36,   478.60,   226.29
  224.10,   480.87,   350.21
  221.34,   601.22,    98.65
  221.75,   603.52,   223.21
  221.34,   605.80,   348.03
  219.18,   726.55,    96.17
  218.75,   728.37,   220.11
  218.51,   730.27,   345.72
  349.94,   479.33,   100.89
  349.58,   481.88,   226.12
  349.44,   483.45,   350.75
  346.36,   604.56,    98.80
  346.09,   606.66,   223.50
  345.94,   608.80,   348.38
  342.91,   729.70,    95.81
  342.53,   731.42,   220.91
  342.01,   733.54,   346.53
   99.37,   476.14,   225.91
   99.51,   479.20,   350.25
   98.69,   482.50,   475.12
  100.11,   601.10,   222.47
  100.20,   604.29,   347.08
   99.99,   607.75,   471.92
  102.04,   726.52,   219.56
  101.22,   729.31,   344.10
  101.07,   732.41,   468.68
  224.66,   475.63,   226.47
  223.96,   478.91,   350.77
  223.21,   481.88,   475.47
  225.59,   600.57,   222.92
  225.07,   603.97,   347.78
  224.39,   607.18,   472.73
  226.92,   725.50,   219.14
  225.92,   728.50,   344.86
  225.76,   731.79,   470.07
  349.75,   475.19,   226.81
  349.20,   477.71,   351.52
  348.70,   479.84,   476.29
  350.08,   599.82,   223.77
  349.47,   602.74,   348.66
  349.14,   605.30,   473.48
  350.65,   724.56,   220.37
  349.96,   727.88,   345.69
  349.61,   731.24,   471.20
  101.64,   473.79,   350.47
   99.44,   477.24,   475.20
   97.35,   480.81,   600.14
   99.90,   599.07,   347.18
   98.26,   602.44,   471.96
   96.03,   605.30,   596.98
   98.35,   723.99,   343.73
   96.92,   727.13,   468.36
   95.09,   729.92,   593.44
  226.08,   476.03,   352.22
  223.90,   479.33,   476.78
  221.47,   482.13,   601.88
  224.57,   601.13,   348.83
  222.74,   604.20,   473.87
  220.97,   607.34,   598.51
  222.93,   725.39,   345.52
  221.65,   729.03,   471.23
  220.28,   733.02,   595.72
  351.43,   477.22,   353.90
  349.13,   479.64,   479.00
  346.69,   482.28,   604.15
  349.18,   602.24,   351.12
  347.17,   605.24,   476.24
  345.43,   608.21,   601.07
  346.83,   727.57,   348.09
  345.48,   731.04,   473.51
  344.06,   734.92,   598.21
   99.97,   476.96,   473.09
   98.07,   475.04,   598.02
   95.79,   473.03,   723.63
   97.37,   602.08,   475.03
   95.63,   599.88,   600.30
   93.96,   597.72,   725.64
   94.95,   726.54,   476.98
   93.19,   723.98,   601.88
   90.31,   722.10,   727.34
  224.44,   479.88,   474.19
  222.14,   477.29,   599.55
  220.44,   474.37,   724.99
  221.94,   605.03,   476.77
  220.39,   602.53,   601.72
  218.83,   599.87,   726.40
  219.44,   729.77,   479.26
  219.17,   728.17,   603.86
  218.93,   726.42,   728.85
  349.48,   480.92,   476.01
  347.37,   478.17,   601.54
  345.65,   476.23,   726.82
  346.68,   606.80,   478.90
  344.88,   604.24,   603.84
  343.33,   602.19,   728.59
  343.67,   732.69,   481.28
  342.61,   731.16,   605.99
  341.76,   729.02,   730.29
   99.14,   477.07,   601.37
  101.20,   477.51,   726.85
  104.69,   476.58,   852.02
  101.60,   602.10,   600.81
  104.28,   602.40,   726.38
  106.70,   602.10,   851.37
  104.36,   726.63,   600.34
  106.15,   727.04,   725.71
  109.13,   728.03,   850.24
  223.62,   474.81,   598.32
  226.22,   474.13,   723.88
  229.95,   474.10,   849.10
  226.42,   600.18,   597.83
  229.16,   599.99,   723.02
  231.73,   599.58,   847.94
  229.78,   725.68,   597.91
  233.95,   726.23,   722.85
  235.51,   726.40,   847.81
  348.65,   470.99,   595.75
  351.09,   471.05,   721.10
  354.52,   472.12,   845.84
  350.88,   597.01,   595.52
  353.66,   597.07,   720.45
  356.20,   597.26,   845.37
  353.39,   723.83,   595.66
  356.36,   723.98,   719.96
  358.00,   723.29,   844.85
  100.61,   597.78,    99.21
  100.25,   599.04,   223.81
  100.05,   600.30,   348.39
   97.96,   723.56,    97.67
   97.46,   724.16,   222.62
   97.21,   725.34,   347.15
   94.71,   848.71,    96.33
   94.56,   849.41,   221.47
   94.21,   850.41,   346.24
  225.79,   601.33,    99.50
  225.58,   602.63,   224.06
  225.07,   604.24,   349.23
  223.02,   726.94,    97.99
  222.70,   727.56,   222.14
  221.95,   728.68,   347.74
  220.09,   852.11,    96.76
  219.90,   852.44,   221.18
  218.62,   853.08,   346.85
  350.61,   605.07,   100.11
  350.05,   606.15,   224.74
  349.73,   607.18,   349.61
  347.02,   730.06,    98.18
  346.37,   730.68,   223.16
  345.62,   732.04,   348.95
  343.92,   855.15,    96.06
  343.24,   855.54,   221.73
  342.35,   857.12,   347.79
   98.77,   598.39,   226.35
   98.66,   599.68,   351.14
   98.71,   600.78,   475.89
  102.39,   723.87,   225.42
  101.80,   724.58,   350.05
  101.77,   725.70,   474.63
  105.51,   848.98,   224.63
  104.81,   849.66,   349.35
  103.92,   850.09,   474.07
  224.11,   596.22,   226.98
  223.78,   597.53,   351.80
  222.85,   598.64,   476.36
  227.32,   721.21,   225.32
  226.45,   721.81,   350.71
  226.20,   723.44,   476.19
  230.32,   846.27,   224.25
  229.21,   846.49,   350.33
  228.73,   847.87,   475.55
  348.72,   593.48,   227.67
  348.12,   594.38,   352.33
  347.85,   594.66,   477.67
  350.98,   718.23,   226.11
  350.51,   719.32,   351.68
  349.84,   720.63,   477.46
  353.98,   843.28,   225.20
  352.85,   844.41,   351.23
  352.48,   846.27,   476.81
   99.10,   601.28,   348.41
  101.73,   601.89,   473.18
  103.48,   601.77,   598.43
   98.46,   726.48,   348.24
  100.93,   726.43,   473.11
  102.89,   726.20,   598.02
   97.90,   851.42,   348.40
   99.80,   850.86,   473.15
  102.09,   851.03,   598.34
  224.21,   602.78,   346.35
  226.02,   602.66,   471.29
  228.02,   602.87,   596.22
  223.59,   727.24,   346.44
  225.57,   727.56,   471.88
  228.46,   728.24,   596.82
  222.68,   852.04,   346.78
  224.77,   852.30,   472.05
  227.26,   853.24,   597.25
  348.62,   603.22,   344.61
  350.55,   602.94,   469.87
  352.54,   602.46,   594.93
  347.18,   728.21,   345.08
  349.25,   728.98,   470.34
  352.12,   729.38,   595.43
  346.51,   853.54,   345.23
  348.51,   854.09,   470.91
  351.12,   854.84,   596.01
   99.04,   602.35,   474.71
   99.91,   599.44,   599.83
  100.35,   596.65,   725.17
  101.33,   727.25,   477.18
  102.14,   724.11,   602.47
  101.97,   721.49,   727.56
  102.74,   851.53,   480.30
  103.97,   848.89,   605.34
  103.68,   846.33,   730.51
  223.69,   601.16,   473.71
  224.52,   597.83,   598.42
  225.28,   594.28,   723.49
  225.98,   725.92,   477.14
  227.76,   723.31,   602.01
  229.80,   721.13,   726.55
  227.77,   850.52,   480.18
  229.33,   848.68,   605.14
  231.63,   846.50,   730.54
  348.16,   598.10,   473.01
  349.08,   595.25,   598.25
  349.83,   592.06,   722.84
  349.70,   724.45,   476.60
  351.40,   721.88,   601.56
  352.61,   718.89,   725.60
  351.32,   849.68,   479.85
  353.46,   847.31,   604.69
  355.41,   844.49,   729.57
   98.72,   601.23,   598.26
  102.15,   602.09,   723.33
  105.31,   602.98,   848.27
   99.60,   725.47,   596.78
  102.12,   727.16,   721.72
  106.10,   729.03,   846.35
   99.46,   850.55,   595.34
  102.02,   852.03,   720.27
  106.03,   853.95,   845.31
  223.53,   601.12,   594.17
  226.85,   601.59,   719.18
  230.29,   602.30,   844.00
  224.88,   726.29,   593.42
  230.13,   728.22,   718.30
  232.69,   729.42,   842.76
  224.62,   851.59,   592.59
  229.80,   853.46,   718.20
  233.50,   855.51,   842.57
  348.10,   599.49,   591.08
  351.32,   600.72,   716.10
  354.77,   602.21,   840.74
  348.60,   726.57,   590.43
  352.56,   727.74,   714.47
  355.18,   728.05,   839.43
  348.67,   851.98,   589.67
  353.61,   853.30,   714.37
  357.11,   853.98,   839.09
  226.81,   101.91,    99.71
  228.04,   104.58,   224.20
  230.22,   107.10,   349.09
  225.23,   226.76,    96.72
  226.46,   229.72,   221.83
  228.25,   232.45,   346.31
  222.92,   351.11,    94.14
  224.52,   354.70,   219.43
  226.32,   357.68,   343.36
  351.06,   103.04,    97.87
  352.78,   106.15,   222.98
  354.55,   109.22,   347.55
  349.49,   228.37,    94.63
  351.10,   231.48,   219.85
  352.86,   234.48,   344.56
  348.33,   353.07,    92.19
  349.57,   356.55,   217.15
  351.25,   359.36,   341.86
  476.19,   104.53,    96.26
  477.87,   107.45,   221.65
  479.53,   111.25,   345.76
  474.68,   229.92,    92.97
  476.50,   233.01,   218.00
  478.00,   236.22,   342.93
  473.09,   354.97,    90.59
  474.94,   358.39,   215.11
  476.73,   360.70,   340.11
  224.66,   100.23,   223.48
  227.70,    98.63,   348.27
  230.38,    97.51,   473.79
  221.41,   225.34,   225.43
  224.15,   223.72,   349.84
  226.80,   222.19,   474.54
  218.20,   350.14,   226.89
  220.74,   349.09,   351.05
  223.06,   347.94,   475.70
  349.46,   103.06,   221.64
  352.09,   102.37,   346.17
  354.84,   101.10,   471.35
  346.22,   228.52,   222.44
  348.50,   227.58,   347.38
  351.21,   226.72,   472.31
  343.03,   353.80,   224.34
  345.49,   352.44,   348.63
  347.63,   350.78,   473.45
  474.55,   106.58,   219.27
  477.09,   105.95,   344.00
  479.17,   105.28,   468.53
  471.49,   232.10,   220.17
  473.68,   231.19,   345.29
  476.01,   229.93,   470.35
  468.24,   357.00,   221.50
  470.52,   355.42,   346.50
  472.98,   353.54,   471.59
  224.95,   101.36,   348.35
  222.90,   101.89,   473.65
  220.82,   102.99,   598.90
  228.23,   226.52,   348.24
  226.48,   226.62,   472.92
  224.29,   227.47,   598.25
  231.58,   351.81,   347.66
  229.39,   352.11,   472.23
  226.76,   352.48,   597.50
  349.11,    98.03,   350.67
  347.10,    98.82,   475.61
  344.99,    99.37,   601.48
  352.53,   223.47,   350.13
  350.76,   224.00,   475.35
  348.48,   224.61,   600.61
  356.50,   348.09,   350.10
  354.28,   347.95,   474.92
  351.99,   348.25,   599.94
  473.99,    94.85,   352.93
  471.82,    95.60,   477.81
  469.55,    96.36,   603.48
  477.97,   219.95,   352.67
  475.46,   220.50,   477.90
  473.10,   221.22,   602.79
  481.55,   344.16,   352.29
  479.31,   344.16,   477.46
  476.80,   344.70,   602.57
  223.77,    98.36,   476.36
  226.69,    96.09,   601.83
  228.83,    94.03,   727.48
  221.52,   223.21,   479.09
  224.18,   220.91,   604.48
  226.90,   218.55,   730.32
  218.77,   348.79,   482.10
  220.88,   345.47,   607.19
  223.64,   342.94,   732.99
  348.03,   100.81,   474.01
  351.01,    98.28,   599.35
  353.37,    95.39,   725.09
  345.65,   226.18,   476.74
  348.70,   223.54,   601.96
  351.44,   220.93,   727.25
  343.48,   350.52,   479.55
  345.93,   347.06,   604.83
  348.70,   344.38,   730.08
  472.77,   103.61,   470.80
  475.28,   101.02,   596.44
  477.74,    97.39,   722.10
  470.65,   228.73,   474.31
  473.18,   225.91,   599.48
  475.52,   222.98,   724.15
  468.93,   352.14,   477.19
  471.18,   349.22,   602.09
  473.61,   346.80,   727.48
  227.12,    99.07,   600.07
  223.57,   102.14,   725.62
  219.68,   104.02,   850.33
  230.64,   223.73,   598.18
  227.35,   226.62,   723.70
  223.46,   229.02,   848.90
  233.29,   348.64,   595.67
  229.88,   350.41,   721.79
  227.53,   352.65,   847.05
  351.22,    95.54,   603.70
  347.78,    97.53,   729.15
  344.72,    99.39,   853.89
  354.81,   220.71,   601.40
  351.61,   223.10,   726.54
  348.24,   224.65,   851.75
  358.24,   344.41,   599.43
  354.95,   346.42,   724.67
  352.04,   348.74,   849.76
  475.97,    92.21,   606.85
  471.93,    93.36,   732.48
  468.98,    94.94,   857.24
  479.31,   217.28,   604.86
  476.01,   218.81,   729.66
  472.94,   220.33,   854.56
  483.26,   340.76,   602.98
  479.76,   342.98,   727.94
  476.93,   345.60,   852.49
  223.82,   224.68,    98.43
  226.78,   221.81,   223.49
  230.81,   218.99,   348.18
  223.40,   349.25,   101.62
  226.66,   346.66,   226.46
  230.52,   344.42,   350.58
  223.06,   474.01,   104.32
  227.25,   471.42,   229.28
  230.98,   469.53,   353.11
  347.99,   224.32,    94.45
  351.36,   221.86,   219.31
  355.02,   219.65,   344.20
  348.24,   349.37,    97.46
  352.21,   347.13,   222.28
  355.50,   344.34,   346.82
  348.54,   474.04,   100.17
  351.98,   471.76,   225.14
  356.03,   468.78,   349.63
  472.81,   224.32,    90.85
  476.64,   222.04,   215.63
  480.31,   219.46,   340.89
  473.34,   349.42,    93.78
  477.15,   347.12,   218.41
  480.63,   343.79,   343.40
  473.51,   474.04,    96.44
  477.41,   471.74,   221.32
  481.18,   468.48,   345.88
  224.17,   226.20,   225.14
  221.79,   222.71,   349.96
  219.56,   219.12,   474.60
  224.84,   351.15,   228.77
  222.44,   347.75,   353.07
  220.00,   344.76,   477.62
  225.84,   475.96,   232.03
  223.12,   472.91,   355.99
  220.66,   470.10,   480.60
  348.89,   225.33,   227.39
  346.26,   222.41,   352.37
  343.98,   219.21,   477.43
  350.01,   350.39,   230.89
  347.52,   347.10,   355.26
  344.56,   343.26,   480.40
  350.93,   475.19,   234.34
  348.46,   471.72,   358.93
  345.69,   467.81,   483.45
  473.92,   224.66,   229.91
  471.51,   221.51,   354.74
  468.64,   218.64,   480.01
  474.98,   349.52,   233.03
  472.63,   345.98,   357.96
  470.05,   342.19,   483.24
  476.00,   474.36,   236.53
  473.79,   470.33,   361.23
  471.10,   466.10,   486.42
  224.95,   225.51,   351.19
  224.89,   221.94,   475.68
  224.82,   218.59,   601.11
  222.76,   350.92,   354.81
  222.29,   347.36,   479.02
  221.70,   343.64,   604.51
  220.70,   476.08,   358.02
  220.02,   472.60,   482.80
  219.06,   468.65,   607.98
  349.20,   228.29,   351.31
  349.28,   224.67,   476.45
  349.06,   221.52,   601.45
  347.48,   352.71,   355.00
  347.36,   348.94,   479.78
  346.63,   345.02,   605.10
  345.57,   477.52,   358.62
  345.33,   473.01,   483.30
  344.34,   468.98,   608.46
  474.53,   230.39,   351.56
  474.35,   226.99,   476.75
  473.74,   223.62,   602.00
  472.77,   354.50,   355.11
  472.62,   350.78,   480.48
  471.83,   347.14,   605.49
  470.89,   479.18,   358.94
  470.57,   474.52,   483.94
  469.90,   470.57,   609.35
  224.39,   223.74,   476.65
  223.70,   222.93,   602.12
  222.06,   222.69,   727.82
  221.30,   348.90,   477.59
  219.59,   347.85,   602.70
  218.47,   346.92,   728.95
  218.16,   474.39,   478.71
  216.26,   472.99,   603.73
  215.17,   470.98,   729.34
  348.82,   227.34,   478.12
  347.77,   226.28,   603.05
  346.98,   225.39,   728.41
  345.89,   351.49,   478.87
  344.79,   350.11,   603.95
  343.57,   349.01,   729.84
  343.39,   475.66,   480.05
  341.76,   474.10,   605.27
  340.45,   473.13,   730.73
  473.61,   230.45,   479.32
  472.37,   229.27,   604.20
  471.26,   228.16,   729.02
  471.11,   353.94,   480.16
  469.78,   352.79,   605.26
  468.48,   351.99,   730.59
  468.67,   477.91,   481.56
  467.03,   476.43,   606.91
  465.39,   475.91,   731.87
  225.32,   226.53,   599.46
  223.31,   226.44,   724.97
  221.04,   226.02,   850.51
  220.85,   351.46,   600.00
  219.12,   350.39,   725.86
  218.61,   349.74,   851.41
  217.24,   476.76,   600.82
  215.49,   474.94,   726.21
  214.98,   473.76,   851.51
  349.60,   230.65,   601.23
  348.12,   229.84,   726.44
  346.25,   228.88,   851.43
  346.00,   353.98,   601.81
  344.12,   353.38,   727.27
  342.95,   353.03,   852.45
  342.58,   478.16,   602.65
  340.44,   477.48,   728.37
  339.71,   477.19,   853.12
  473.96,   233.72,   602.86
  472.36,   232.65,   727.55
  471.05,   231.45,   852.65
  471.06,   357.30,   603.52
  469.25,   356.48,   728.84
  467.90,   356.29,   853.34
  467.94,   481.15,   604.87
  465.59,   480.64,   730.03
  464.22,   481.26,   854.37
  225.66,   351.80,    99.39
  221.83,   349.93,   224.49
  218.67,   348.01,   348.50
  228.99,   476.61,   101.69
  225.75,   475.03,   226.45
  222.36,   473.44,   350.71
  233.04,   601.94,   103.20
  229.72,   599.74,   227.96
  225.99,   598.16,   352.63
  350.61,   348.34,   102.40
  347.02,   346.93,   227.61
  343.52,   344.61,   351.91
  354.45,   473.05,   104.67
  350.80,   471.53,   229.88
  347.45,   469.20,   354.24
  357.98,   598.03,   106.79
  353.94,   596.02,   231.46
  350.62,   594.06,   356.39
  475.54,   344.85,   105.79
  472.37,   343.19,   230.73
  468.43,   340.60,   355.64
  479.04,   469.63,   108.12
  475.96,   467.83,   232.88
  472.50,   464.95,   357.87
  482.86,   594.31,   110.16
  478.94,   592.53,   234.87
  475.78,   590.07,   359.87
  223.59,   350.41,   226.90
  222.11,   348.30,   351.00
  220.45,   346.39,   475.58
  226.82,   475.01,   228.96
  225.35,   473.41,   352.86
  223.37,   471.71,   477.53
  230.26,   600.04,   230.05
  228.65,   598.26,   354.76
  226.83,   596.80,   479.74
  348.89,   347.45,   228.12
  346.91,   344.89,   352.60
  345.34,   342.48,   477.22
  352.13,   472.11,   230.25
  350.51,   469.42,   354.49
  348.38,   466.81,   479.42
  354.70,   596.66,   231.74
  353.26,   594.41,   356.90
  351.40,   592.18,   481.76
  473.97,   344.13,   229.10
  472.18,   341.57,   354.06
  470.46,   339.21,   479.41
  476.93,   468.63,   231.41
  475.73,   465.68,   356.17
  473.83,   462.90,   481.45
  479.89,   593.46,   233.30
  478.33,   591.02,   358.28
  476.85,   588.30,   483.61
  226.05,   349.32,   351.00
  227.37,   350.43,   475.23
  227.71,   351.72,   600.64
  228.00,   474.38,   349.75
  228.61,   475.71,   474.02
  229.42,   476.76,   599.30
  229.69,   599.45,   348.44
  230.71,   601.15,   473.08
  231.53,   602.14,   598.26
  351.09,   347.75,   349.62
  352.17,   348.56,   474.62
  353.19,   349.14,   599.78
  353.12,   472.16,   348.47
  353.85,   472.83,   473.40
  354.48,   473.36,   598.78
  354.29,   597.53,   347.57
  355.37,   598.13,   472.44
  356.27,   599.20,   597.62
  476.43,   345.59,   348.61
  477.37,   346.55,   474.06
  478.23,   347.36,   598.88
  478.15,   470.30,   347.50
  479.33,   470.22,   472.46
  479.98,   471.04,   598.19
  479.52,   595.41,   346.51
  480.64,   595.93,   471.66
  481.47,   597.30,   596.77
  224.86,   348.97,   474.85
  221.39,   348.51,   600.10
  217.77,   348.34,   726.34
  224.32,   474.58,   475.42
  220.88,   473.86,   600.50
  217.14,   472.56,   725.99
  224.69,   599.56,   476.24
  221.18,   599.19,   601.02
  218.11,   598.32,   725.81
  349.68,   349.04,   478.26
  346.32,   348.26,   603.83
  343.00,   348.03,   729.11
  349.77,   473.27,   478.95
  345.85,   472.54,   604.17
  342.41,   472.10,   729.38
  349.35,   599.01,   479.63
  345.96,   598.15,   604.69
  342.41,   597.81,   729.55
  475.07,   348.98,   482.19
  471.36,   348.42,   606.91
  467.87,   348.33,   732.27
  474.90,   472.84,   482.21
  471.34,   471.97,   607.69
  467.37,   472.27,   733.04
  474.44,   598.54,   483.04
  471.12,   597.84,   608.17
  466.89,   598.01,   733.17
  223.93,   348.51,   599.15
  226.85,   349.96,   724.95
  230.49,   351.67,   850.61
  227.50,   473.38,   597.01
  230.20,   474.41,   722.90
  233.91,   475.96,   847.96
  232.16,   598.94,   595.24
  234.85,   600.01,   720.02
  237.27,   601.09,   845.34
  349.31,   344.12,   596.36
  351.69,   345.58,   721.86
  355.17,   348.11,   846.98
  352.78,   467.79,   594.87
  355.32,   469.78,   720.38
  358.54,   472.27,   845.00
  356.60,   593.98,   593.07
  359.21,   595.53,   718.18
  361.58,   597.25,   842.59
  474.25,   340.00,   593.88
  476.95,   342.16,   718.87
  480.01,   344.26,   843.67
  478.06,   463.52,   592.19
  480.21,   466.16,   717.80
  483.60,   469.21,   842.27
  481.63,   589.44,   590.58
  483.91,   591.46,   715.90
  486.32,   594.03,   840.08
  223.44,   475.10,    99.83
  226.10,   478.27,   224.99
  228.54,   481.77,   348.99
  223.21,   600.37,    96.65
  225.98,   603.09,   221.09
  228.14,   606.45,   345.77
  223.32,   725.68,    92.94
  225.67,   728.44,   217.30
  227.66,   731.07,   342.83
  349.01,   475.89,    97.22
  351.20,   479.29,   222.27
  353.98,   481.77,   346.85
  348.25,   600.97,    93.95
  350.36,   603.88,   218.67
  352.81,   606.65,   343.69
  347.48,   726.16,    90.33
  349.66,   728.50,   215.13
  351.52,   731.91,   340.89
  473.98,   476.39,    94.72
  476.49,   479.97,   219.56
  479.16,   481.96,   344.07
  473.11,   601.43,    91.73
  475.26,   604.31,   216.39
  477.86,   607.29,   341.30
  472.07,   726.35,    88.22
  474.00,   729.10,   213.25
  476.56,   732.60,   338.16
  224.95,   476.58,   225.71
  222.33,   477.17,   349.80
  219.63,   478.00,   474.46
  221.98,   601.48,   224.65
  219.13,   602.25,   349.36
  216.42,   602.93,   474.38
  219.09,   726.53,   223.08
  216.28,   727.01,   348.55
  213.94,   727.55,   473.97
  349.94,   480.11,   228.18
  347.46,   480.26,   352.76
  344.61,   479.95,   477.53
  346.53,   604.73,   227.23
  343.85,   605.29,   352.20
  341.23,   605.62,   477.41
  342.72,   729.66,   226.15
  340.21,   730.37,   351.84
  337.71,   731.38,   477.13
  475.11,   483.52,   230.36
  472.70,   482.84,   355.02
  470.06,   482.31,   480.25
  471.05,   607.94,   229.78
  468.72,   608.34,   354.78
  466.40,   608.46,   479.94
  467.39,   732.92,   228.92
  464.77,   733.77,   354.42
  462.11,   734.99,   479.89
  223.63,   474.83,   348.64
  220.47,   478.49,   473.20
  216.82,   481.59,   598.09
  221.93,   599.63,   345.10
  219.02,   603.28,   470.08
  215.79,   606.87,   594.62
  220.14,   724.16,   341.07
  217.34,   728.31,   466.57
  215.36,   732.37,   591.45
  348.69,   475.99,   351.80
  345.55,   479.00,   476.57
  342.14,   481.74,   601.79
  346.46,   601.12,   348.09
  343.48,   604.31,   473.14
  340.42,   607.80,   598.03
  344.16,   726.14,   344.61
  341.53,   730.09,   470.25
  339.21,   734.44,   595.10
  473.60,   477.47,   354.56
  470.92,   479.80,   479.59
  467.31,   483.34,   604.71
  471.38,   602.52,   350.93
  468.84,   606.00,   476.13
  465.30,   609.21,   601.61
  468.84,   728.31,   347.63
  466.02,   732.25,   473.16
  463.24,   736.09,   597.92
  223.27,   473.87,   474.36
  220.23,   477.40,   599.69
  217.90,   480.17,   725.04
  224.29,   598.97,   471.33
  221.91,   602.56,   595.98
  219.83,   606.08,   720.92
  225.50,   723.59,   468.06
  223.95,   728.20,   592.55
  223.25,   732.17,   717.54
  348.47,   471.92,   477.08
  345.73,   474.77,   602.53
  342.88,   478.67,   727.90
  348.97,   597.36,   473.99
  346.40,   600.82,   598.77
  343.91,   604.43,   723.62
  349.30,   723.41,   470.97
  347.63,   727.70,   595.74
  345.88,   731.53,   719.70
  473.93,   470.52,   479.67
  471.23,   473.55,   605.01
  468.04,   477.88,   730.30
  474.40,   596.18,   476.33
  471.79,   599.54,   601.61
  468.74,   603.67,   726.53
  474.24,   722.58,   472.92
  472.02,   726.70,   597.93
  468.99,   730.06,   722.42
  225.68,   475.65,   599.37
  221.74,   476.02,   724.94
  219.44,   477.02,   850.16
  228.74,   601.01,   598.03
  225.20,   601.81,   722.75
  221.14,   602.62,   847.65
  232.20,   726.65,   597.00
  230.25,   728.38,   721.85
  225.72,   729.72,   846.51
  350.71,   471.49,   603.31
  347.07,   472.76,   728.69
  343.84,   475.10,   853.30
  353.41,   597.37,   602.35
  349.51,   598.54,   726.84
  345.74,   599.94,   851.74
  355.96,   724.11,   601.24
  352.61,   725.36,   725.31
  348.14,   726.09,   850.13
  476.00,   468.68,   607.25
  471.87,   470.48,   732.38
  468.93,   473.28,   856.78
  478.37,   594.53,   605.88
  473.85,   596.23,   730.76
  470.05,   598.16,   855.17
  480.00,   721.77,   604.81
  476.04,   722.47,   729.13
  472.72,   723.25,   854.19
  225.13,   598.76,    99.24
  226.45,   598.16,   224.21
  227.18,   597.58,   348.97
  226.95,   724.13,    99.32
  227.73,   723.09,   223.66
  228.64,   722.56,   349.22
  228.62,   849.55,   100.16
  229.42,   847.90,   224.53
  230.09,   846.88,   349.97
  350.01,   597.64,    98.28
  350.76,   596.59,   223.03
  351.75,   596.04,   348.24
  351.11,   722.68,    98.11
  351.74,   721.44,   223.35
  352.34,   721.13,   349.00
  352.16,   847.85,    98.22
  353.24,   846.44,   223.45
  353.96,   846.13,   349.53
  474.96,   596.03,    97.74
  475.58,   595.60,   222.13
  477.02,   594.56,   346.99
  475.72,   720.94,    97.79
  476.43,   720.21,   222.56
  477.27,   719.85,   347.81
  476.73,   846.20,    97.93
  477.36,   845.26,   222.69
  478.29,   845.48,   348.21
  223.70,   599.50,   223.87
  226.78,   601.71,   348.78
  230.03,   604.22,   473.55
  224.25,   724.51,   221.18
  226.94,   726.37,   346.66
  230.59,   729.02,   471.92
  224.67,   849.49,   219.45
  227.29,   851.31,   344.97
  230.39,   853.53,   470.18
  348.26,   599.72,   220.87
  351.64,   601.50,   345.59
  354.65,   603.24,   470.97
  348.18,   724.40,   218.45
  350.90,   726.53,   344.07
  354.25,   729.25,   469.48
  347.96,   849.36,   216.02
  350.75,   851.44,   342.14
  354.35,   854.40,   468.13
  472.89,   599.67,   217.47
  476.62,   601.20,   342.27
  480.21,   602.70,   467.74
  472.55,   724.20,   215.32
  475.78,   726.55,   340.48
  479.22,   729.23,   465.89
  472.25,   849.42,   213.12
  475.41,   851.83,   338.68
  478.61,   854.63,   464.44
  225.47,   600.08,   349.68
  224.73,   598.71,   474.63
  224.59,   596.93,   599.67
  223.82,   724.58,   351.14
  223.82,   723.45,   476.75
  224.29,   722.56,   601.61
  222.48,   849.35,   353.18
  222.46,   848.06,   478.40
  222.68,   847.56,   603.58
  349.68,   601.24,   350.46
  349.51,   599.18,   475.42
  348.91,   597.62,   600.48
  347.76,   726.29,   352.08
  347.52,   725.13,   477.85
  347.84,   724.47,   602.66
  346.24,   851.37,   353.85
  346.34,   850.54,   479.88
  346.54,   849.80,   604.70
  475.20,   602.42,   350.94
  474.90,   600.35,   475.96
  474.28,   598.45,   601.18
  472.52,   727.98,   352.63
  472.46,   727.04,   477.83
  471.94,   725.38,   603.10
  470.78,   853.39,   353.95
  470.47,   852.31,   480.24
  470.54,   851.06,   604.91
  223.31,   602.46,   475.85
  226.50,   603.40,   600.57
  229.42,   604.03,   725.24
  224.51,   727.40,   475.16
  228.41,   728.94,   599.94
  232.77,   730.30,   724.75
  225.02,   852.19,   474.36
  228.52,   854.09,   599.79
  232.95,   855.68,   725.22
  348.09,   601.27,   473.13
  351.13,   601.73,   598.42
  353.55,   602.33,   723.07
  348.42,   727.11,   472.87
  351.86,   728.43,   597.59
  355.36,   729.28,   721.84
  348.94,   852.50,   472.44
  352.86,   853.81,   597.42
  356.71,   855.19,   721.88
  473.47,   599.74,   470.20
  476.13,   600.36,   595.63
  478.22,   601.46,   720.48
  473.35,   726.60,   469.95
  476.32,   727.53,   594.72
  478.53,   727.99,   718.97
  473.35,   852.13,   469.28
  476.62,   852.85,   594.29
  479.96,   853.20,   718.92
  225.33,   599.91,   601.20
  223.77,   596.96,   726.07
  221.70,   593.69,   851.06
  228.49,   725.65,   603.93
  228.09,   723.44,   728.94
  224.78,   720.37,   853.62
  230.01,   850.55,   607.45
  229.41,   848.74,   732.79
  227.62,   846.50,   857.22
  350.18,   597.18,   603.34
  347.96,   594.53,   728.34
  346.34,   591.85,   852.77
  351.98,   724.16,   606.40
  350.59,   721.19,   730.38
  347.51,   717.70,   855.26
  353.85,   849.51,   609.30
  353.26,   847.10,   734.03
  350.96,   844.10,   858.89
  475.27,   594.88,   605.42
  472.86,   592.38,   730.44
  470.74,   590.69,   854.55
  476.39,   721.98,   608.01
  473.82,   718.68,   732.57
  472.18,   715.94,   857.32
  477.58,   847.45,   611.05
  476.21,   843.99,   735.47
  475.24,   840.54,   860.66
  351.26,   101.10,   101.78
  349.12,   100.28,   227.09
  346.89,    99.12,   351.83
  350.18,   226.61,   102.87
  347.93,   225.77,   227.95
  345.48,   224.49,   352.78
  349.68,   351.54,   104.11
  347.25,   350.67,   229.40
  344.38,   349.43,   353.95
  476.42,   102.20,   104.51
  473.89,   101.01,   229.69
  471.57,   100.73,   354.01
  475.20,   227.46,   105.11
  472.94,   226.70,   230.16
  470.71,   225.88,   355.34
  474.46,   352.56,   106.56
  472.25,   351.74,   231.47
  469.72,   350.30,   356.27
  601.87,   103.41,   107.42
  599.41,   102.17,   231.87
  596.99,   101.97,   356.33
  600.71,   228.86,   108.11
  598.45,   227.65,   233.03
  595.98,   226.69,   357.49
  599.34,   353.43,   109.30
  597.16,   352.50,   234.15
  594.90,   350.99,   358.96
  351.48,   101.59,   226.46
  353.15,   101.97,   350.91
  355.01,   102.66,   476.09
  351.64,   226.96,   225.52
  353.24,   227.44,   350.67
  355.09,   228.04,   475.57
  352.34,   352.31,   225.76
  353.95,   352.21,   350.48
  355.15,   352.07,   474.98
  476.76,   101.36,   225.04
  478.38,   102.39,   349.26
  479.54,   103.12,   474.38
  476.95,   226.92,   224.02
  478.50,   227.65,   349.35
  479.92,   227.88,   474.45
  477.44,   352.15,   223.93
  478.94,   351.76,   348.70
  480.45,   351.66,   474.08
  601.74,   100.96,   223.38
  603.40,   102.21,   347.85
  604.96,   102.75,   472.38
  602.40,   226.34,   223.00
  603.63,   226.65,   347.32
  605.17,   227.31,   472.66
  602.40,   351.43,   222.67
  604.27,   351.35,   347.26
  605.76,   351.46,   472.47
  348.06,   101.51,   350.59
  347.27,   100.52,   475.70
  346.01,    99.88,   601.50
  348.82,   226.93,   351.36
  347.75,   225.98,   476.47
  346.97,   224.99,   601.96
  349.97,   351.43,   352.73
  349.05,   350.26,   477.22
  347.66,   348.67,   602.57
  473.34,   100.72,   351.49
  472.11,   100.06,   476.48
  470.72,    99.09,   602.20
  474.25,   226.16,   352.55
  472.88,   225.07,   477.91
  471.44,   224.42,   603.01
  475.43,   350.44,   353.74
  474.30,   348.84,   478.95
  472.66,   347.59,   604.05
  598.27,    99.91,   352.58
  597.26,    99.18,   477.39
  596.25,    97.82,   602.74
  599.53,   224.87,   353.95
  598.27,   224.01,   478.93
  596.80,   222.90,   603.95
  600.70,   348.93,   354.96
  599.61,   347.77,   480.05
  597.66,   347.26,   605.52
  349.48,   100.76,   475.28
  350.31,    98.86,   601.00
  351.23,    96.68,   726.57
  348.48,   226.20,   477.25
  349.72,   224.17,   602.41
  350.45,   222.08,   728.05
  348.25,   350.17,   479.31
  348.74,   347.61,   604.51
  349.40,   345.73,   729.96
  474.10,   102.05,   473.98
  474.92,    99.93,   599.57
  475.52,    96.76,   725.30
  473.46,   227.24,   476.58
  474.05,   225.02,   601.75
  474.69,   222.30,   726.70
  473.25,   350.80,   478.95
  473.68,   348.40,   603.91
  474.26,   346.56,   729.15
  599.63,   102.65,   472.83
  600.51,    99.88,   598.44
  600.64,    96.55,   724.33
  598.95,   227.07,   475.37
  599.56,   224.80,   600.80
  599.85,   222.57,   725.46
  598.60,   351.18,   477.90
  599.03,   349.38,   603.45
  599.49,   347.40,   728.40
  348.61,   102.25,   600.43
  349.44,    99.70,   726.21
  350.54,    96.97,   850.67
  349.71,   227.02,   602.39
  350.93,   224.96,   727.72
  352.03,   222.71,   852.56
  350.95,   350.60,   604.30
  352.15,   348.57,   729.75
  353.49,   346.95,   854.78
  472.97,   100.90,   598.73
  473.66,    97.78,   724.75
  474.94,    94.70,   849.48
  474.27,   225.83,   600.79
  475.47,   223.25,   725.90
  476.75,   220.72,   850.86
  475.91,   349.03,   603.11
  476.92,   347.44,   728.17
  478.63,   345.53,   852.90
  598.72,    98.75,   597.20
  599.30,    95.74,   722.74
  600.04,    92.72,   848.72
  599.63,   223.93,   599.56
  600.15,   221.28,   724.44
  601.86,   218.65,   849.15
  601.15,   348.18,   602.09
  601.95,   346.37,   727.31
  603.66,   344.11,   852.09
  349.95,   224.40,   100.11
  347.21,   225.30,   224.80
  344.44,   225.90,   349.82
  353.95,   349.14,    99.57
  351.13,   350.19,   224.89
  348.31,   350.91,   349.32
  357.46,   474.14,    98.99
  354.67,   475.19,   224.13
  352.06,   475.54,   348.81
  474.74,   220.82,   102.57
  472.23,   221.95,   227.83
  469.59,   222.84,   352.89
  479.00,   345.90,   102.31
  476.01,   346.97,   227.23
  473.21,   347.09,   351.90
  482.46,   470.46,   102.05
  479.49,   471.77,   226.64
  477.27,   471.22,   351.43
  600.41,   217.15,   105.81
  597.63,   218.06,   230.61
  594.72,   219.05,   355.55
  603.62,   342.03,   105.42
  601.04,   342.74,   230.29
  598.75,   343.37,   354.78
  606.97,   466.63,   105.01
  604.33,   467.72,   229.60
  602.15,   468.09,   354.07
  350.04,   226.35,   226.52
  348.99,   224.16,   351.30
  348.04,   221.65,   476.47
  349.36,   351.66,   229.37
  348.08,   348.73,   353.80
  347.19,   345.76,   478.58
  348.22,   476.23,   232.07
  347.29,   473.13,   356.45
  345.88,   469.92,   481.53
  475.47,   227.68,   227.25
  474.39,   225.26,   352.61
  472.92,   222.77,   477.93
  474.42,   352.55,   230.08
  473.51,   349.66,   355.29
  472.44,   346.59,   480.38
  473.39,   477.30,   232.95
  472.73,   474.05,   357.52
  471.45,   470.24,   482.94
  600.49,   228.57,   228.78
  599.76,   226.04,   353.72
  598.52,   223.40,   478.42
  599.37,   353.42,   231.73
  598.76,   350.37,   356.39
  597.57,   347.72,   481.39
  598.22,   478.27,   234.05
  597.62,   475.32,   358.65
  596.92,   472.33,   483.75
  349.31,   225.58,   351.11
  346.69,   223.55,   476.21
  343.68,   221.59,   601.50
  350.50,   350.25,   353.50
  347.51,   347.49,   478.30
  344.40,   345.06,   603.64
  351.93,   474.91,   355.85
  348.69,   472.11,   480.74
  345.51,   469.36,   605.96
  474.57,   224.43,   354.54
  471.21,   222.48,   479.52
  468.03,   220.61,   604.68
  476.04,   348.65,   356.40
  472.66,   346.11,   481.84
  469.36,   344.00,   606.78
  477.36,   473.31,   358.63
  474.34,   469.90,   483.96
  470.64,   467.46,   609.20
  599.97,   222.90,   357.15
  596.88,   221.21,   482.31
  593.45,   219.01,   607.30
  600.97,   347.23,   359.62
  598.29,   345.03,   484.66
  594.53,   343.19,   609.76
  602.42,   472.02,   361.78
  599.32,   469.70,   486.58
  596.10,   467.69,   612.04
  349.16,   224.08,   475.95
  346.23,   227.25,   601.26
  342.87,   230.51,   726.58
  349.97,   347.98,   472.86
  346.59,   350.82,   597.96
  343.23,   354.02,   723.41
  350.83,   472.33,   469.62
  347.31,   475.04,   595.08
  343.34,   478.04,   720.30
  474.20,   223.43,   479.44
  470.47,   226.53,   604.21
  467.44,   229.49,   729.38
  475.13,   347.00,   476.20
  471.67,   349.99,   601.23
  468.29,   353.34,   726.47
  476.20,   471.12,   473.18
  472.43,   473.62,   598.53
  468.76,   477.20,   723.87
  599.43,   222.35,   482.28
  595.69,   225.62,   607.56
  592.25,   228.30,   732.29
  600.68,   346.41,   479.40
  596.83,   349.76,   604.73
  593.06,   353.34,   729.98
  601.40,   471.28,   476.65
  597.87,   474.24,   602.11
  594.37,   477.56,   727.34
  350.21,   225.84,   599.37
  353.45,   222.72,   724.71
  356.42,   218.99,   849.48
  353.57,   349.24,   602.46
  356.62,   346.18,   728.03
  359.91,   343.05,   852.93
  356.52,   473.35,   605.93
  359.40,   469.78,   731.23
  363.39,   467.36,   855.94
  474.79,   222.42,   595.97
  477.59,   218.74,   720.85
  481.17,   214.85,   845.57
  478.38,   345.85,   599.26
  481.35,   342.70,   724.43
  485.10,   340.03,   849.17
  482.10,   469.32,   603.01
  484.62,   466.82,   728.19
  488.38,   464.63,   852.65
  600.07,   218.45,   592.89
  602.72,   214.64,   717.44
  605.79,   210.98,   842.08
  603.40,   342.98,   596.37
  606.44,   339.90,   721.40
  609.61,   336.74,   846.24
  607.60,   467.51,   599.76
  610.11,   464.25,   725.26
  613.66,   461.75,   849.76
  348.75,   348.18,   100.26
  348.98,   350.72,   225.39
  349.54,   352.51,   350.01
  351.64,   473.33,    98.48
  351.84,   475.82,   223.40
  352.42,   477.37,   347.87
  354.32,   598.19,    96.04
  354.39,   600.19,   220.98
  354.89,   602.41,   345.74
  473.90,   345.42,    99.75
  474.20,   348.02,   224.42
  474.89,   349.78,   349.49
  476.67,   470.38,    97.96
  477.20,   472.64,   222.79
  477.53,   474.01,   347.49
  479.25,   595.37,    95.93
  479.48,   597.31,   220.37
  479.91,   599.21,   345.38
  598.56,   342.55,    99.69
  598.93,   344.86,   224.37
  600.09,   346.35,   349.12
  601.49,   467.33,    97.68
  601.84,   469.59,   222.36
  602.70,   471.46,   347.08
  604.15,   592.49,    95.34
  604.37,   594.41,   219.89
  605.62,   596.76,   344.60
  350.50,   350.74,   224.51
  347.27,   351.42,   348.85
  344.11,   351.64,   473.79
  352.37,   475.69,   223.73
  349.47,   475.84,   348.16
  346.09,   476.29,   473.05
  354.09,   600.18,   222.38
  350.61,   601.04,   347.47
  347.50,   601.95,   472.43
  475.62,   348.95,   227.33
  472.48,   349.22,   352.36
  469.37,   349.88,   477.38
  477.57,   473.64,   226.53
  474.69,   473.61,   351.33
  471.48,   473.53,   476.38
  478.93,   598.19,   225.88
  475.88,   598.88,   350.59
  472.76,   599.53,   475.83
  600.45,   346.62,   230.69
  597.57,   347.23,   355.44
  594.69,   348.12,   480.63
  602.21,   471.45,   229.87
  599.41,   471.94,   354.69
  596.62,   472.49,   479.50
  604.02,   596.68,   228.83
  601.24,   597.61,   353.61
  598.24,   598.30,   478.66
  349.83,   348.90,   348.67
  348.26,   351.81,   473.19
  346.79,   355.06,   598.73
  350.15,   473.85,   345.52
  348.48,   476.43,   469.99
  347.15,   479.11,   595.35
  349.98,   598.52,   342.01
  348.82,   601.65,   467.06
  347.49,   605.03,   592.31
  474.79,   348.48,   349.96
  473.54,   351.23,   475.06
  472.10,   354.56,   599.87
  475.29,   473.10,   346.61
  473.97,   475.46,   471.62
  472.58,   478.32,   596.80
  475.11,   598.15,   343.39
  473.95,   601.23,   468.21
  472.54,   604.37,   593.70
  600.19,   348.07,   351.23
  598.99,   351.38,   476.25
  597.27,   354.92,   601.27
  600.31,   473.01,   347.69
  599.36,   475.93,   472.62
  597.69,   479.41,   598.06
  600.49,   598.42,   344.02
  599.48,   601.70,   469.06
  598.26,   604.89,   594.47
  350.53,   348.30,   474.57
  353.18,   350.77,   600.00
  356.24,   353.40,   725.34
  349.60,   472.45,   471.86
  352.46,   474.58,   597.13
  355.31,   477.59,   722.49
  348.92,   598.04,   469.37
  352.05,   600.92,   594.74
  354.68,   603.30,   719.33
  475.64,   348.56,   471.66
  478.61,   351.02,   596.70
  481.48,   354.07,   721.94
  475.17,   472.66,   468.82
  477.97,   474.84,   594.49
  480.58,   478.47,   719.37
  473.92,   598.33,   466.55
  477.15,   600.70,   591.89
  479.41,   603.86,   716.52
  600.98,   349.34,   468.44
  603.51,   352.27,   593.71
  606.45,   355.53,   719.17
  600.44,   473.93,   465.62
  603.16,   476.64,   591.28
  606.10,   479.85,   716.70
  599.56,   599.62,   462.79
  602.74,   602.17,   588.27
  605.08,   604.90,   713.30
  349.44,   347.90,   600.27
  352.51,   349.07,   725.89
  356.00,   350.73,   850.60
  351.89,   471.97,   599.27
  354.95,   473.10,   724.75
  358.68,   475.07,   849.65
  355.06,   598.06,   598.51
  358.19,   599.10,   723.40
  360.88,   600.12,   848.12
  474.18,   344.79,   597.46
  477.13,   346.13,   722.31
  480.77,   347.71,   847.09
  477.54,   468.56,   596.72
  480.03,   470.42,   721.81
  483.59,   472.77,   846.40
  480.31,   594.33,   595.57
  482.84,   595.62,   720.49
  485.35,   597.67,   844.74
  599.50,   342.32,   594.10
  602.47,   343.81,   719.40
  605.55,   345.05,   844.09
  602.74,   466.91,   593.31
  605.69,   468.17,   718.89
  608.67,   470.16,   843.57
  605.81,   592.38,   592.10
  608.31,   593.17,   717.32
  611.08,   594.78,   841.94
  351.42,   474.54,   100.27
  350.91,   474.83,   225.09
  351.09,   474.40,   349.60
  350.67,   599.85,   100.12
  350.41,   599.73,   224.79
  349.80,   599.33,   349.62
  349.96,   724.84,    99.37
  349.36,   724.50,   224.41
  348.90,   724.72,   350.01
  476.59,   475.16,   100.64
  476.03,   475.64,   225.15
  476.33,   474.60,   349.88
  476.00,   600.30,   100.63
  475.30,   600.07,   224.99
  475.20,   599.79,   350.29
  474.75,   725.08,    99.80
  474.12,   724.74,   224.72
  473.60,   725.26,   350.37
  601.26,   475.45,   101.02
  601.18,   475.58,   225.41
  601.30,   475.33,   350.41
  600.73,   600.47,   100.83
  600.41,   600.80,   225.16
  600.45,   600.72,   350.28
  599.90,   726.06,   100.72
  599.39,   725.72,   224.77
  599.55,   726.42,   350.02
  350.48,   473.79,   226.90
  349.09,   476.26,   351.57
  347.40,   478.37,   476.05
  350.65,   598.10,   223.55
  349.21,   601.32,   348.41
  347.97,   604.24,   473.52
  351.25,   722.81,   219.88
  349.59,   726.43,   345.41
  348.39,   729.96,   471.04
  475.26,   472.92,   227.85
  474.32,   475.21,   352.82
  472.85,   477.22,   477.86
  475.69,   597.65,   224.71
  474.43,   600.28,   349.80
  473.08,   602.87,   474.85
  475.99,   722.09,   221.40
  474.48,   725.99,   346.63
  473.29,   729.53,   472.05
  600.16,   471.61,   229.48
  599.41,   474.56,   354.01
  598.07,   477.23,   479.28
  600.78,   596.85,   225.93
  600.03,   599.91,   350.83
  598.76,   603.03,   476.05
  601.25,   722.12,   222.53
  600.21,   725.45,   347.49
  599.29,   728.89,   472.97
  348.42,   473.82,   350.02
  349.66,   470.56,   475.05
  350.50,   467.63,   600.31
  349.18,   598.65,   352.90
  350.57,   596.08,   477.81
  351.64,   593.48,   602.70
  349.81,   723.93,   355.11
  351.19,   722.06,   480.89
  353.38,   720.04,   605.62
  473.92,   471.98,   349.05
  475.04,   468.78,   473.84
  475.82,   466.02,   599.24
  474.54,   597.28,   351.26
  475.86,   594.33,   476.68
  476.80,   591.58,   601.88
  474.96,   722.97,   353.80
  476.18,   720.87,   479.48
  477.55,   718.79,   604.28
  598.78,   471.17,   347.65
  600.49,   468.44,   472.48
  601.23,   466.02,   598.11
  599.94,   596.55,   349.79
  601.38,   594.10,   474.85
  602.56,   591.38,   600.21
  600.53,   722.29,   352.10
  602.15,   720.02,   477.40
  603.26,   717.27,   602.46
  349.72,   473.53,   475.24
  348.11,   471.09,   600.58
  347.09,   469.40,   725.88
  352.62,   599.12,   477.36
  351.17,   597.02,   602.66
  349.99,   595.09,   727.47
  354.86,   725.09,   479.75
  354.36,   724.01,   604.67
  353.48,   721.64,   728.84
  475.35,   470.09,   476.59
  473.82,   467.86,   601.56
  472.05,   466.54,   726.99
  477.76,   595.71,   478.60
  476.20,   593.48,   603.91
  474.49,   592.12,   728.62
  479.79,   722.57,   480.73
  478.48,   720.72,   605.78
  476.95,   718.17,   730.32
  600.41,   467.79,   477.38
  599.11,   465.97,   602.75
  597.82,   464.58,   728.40
  603.35,   593.70,   479.29
  601.99,   591.59,   604.49
  600.02,   589.44,   729.96
  605.94,   719.63,   481.17
  604.79,   717.50,   606.21
  602.98,   715.14,   731.20
  349.49,   473.40,   598.90
  350.51,   472.51,   724.35
  352.13,   472.00,   849.20
  352.39,   599.27,   600.24
  353.54,   598.37,   725.02
  354.38,   597.14,   849.41
  355.79,   726.20,   601.38
  356.93,   725.05,   725.54
  357.13,   723.44,   850.39
  474.92,   470.32,   597.98
  475.78,   469.83,   723.16
  477.26,   469.95,   847.79
  477.62,   596.06,   599.03
  478.13,   595.14,   724.03
  478.79,   594.84,   848.62
  479.99,   723.13,   600.15
  480.33,   721.73,   724.63
  481.53,   720.09,   849.71
  600.35,   468.64,   596.59
  601.25,   467.89,   722.37
  602.49,   467.72,   846.82
  603.43,   593.99,   597.62
  603.66,   592.82,   723.11
  604.58,   592.06,   847.39
  605.98,   719.94,   598.73
  606.59,   718.28,   723.67
  606.83,   717.38,   848.59
  351.77,   599.04,   100.81
  350.60,   597.92,   225.77
  349.18,   597.18,   350.60
  353.71,   724.12,   100.75
  352.28,   722.65,   226.07
  351.00,   722.10,   351.62
  355.79,   849.30,   100.92
  354.34,   847.63,   226.43
  352.90,   847.18,   352.50
  476.89,   596.49,   102.15
  475.45,   595.66,   226.62
  474.37,   594.54,   351.86
  478.56,   721.51,   102.59
  477.10,   720.58,   227.17
  475.97,   720.25,   352.60
  480.08,   846.54,   102.89
  478.91,   845.58,   227.52
  477.84,   845.36,   353.36
  601.52,   594.54,   103.06
  600.62,   593.60,   227.60
  599.83,   592.71,   352.49
  603.29,   719.70,   103.56
  602.45,   718.64,   228.02
  601.78,   718.38,   353.28
  605.56,   845.06,   104.54
  604.33,   843.88,   228.74
  603.55,   843.14,   353.96
  349.34,   599.00,   225.09
  350.98,   596.78,   350.03
  352.40,   594.39,   475.06
  347.16,   723.81,   226.64
  348.59,   721.75,   352.36
  350.30,   720.49,   477.94
  345.05,   848.74,   228.60
  346.62,   846.97,   354.83
  348.31,   845.80,   480.64
  473.93,   601.04,   223.68
  475.82,   598.28,   348.64
  477.62,   595.68,   473.81
  471.73,   725.77,   225.66
  473.28,   724.21,   350.95
  474.88,   722.29,   476.08
  469.38,   850.86,   227.18
  470.87,   849.26,   352.82
  472.50,   848.12,   478.77
  599.29,   602.98,   221.76
  601.12,   600.66,   346.67
  603.06,   598.59,   471.95
  596.97,   727.87,   223.64
  598.92,   726.29,   348.63
  600.79,   724.35,   473.92
  594.78,   853.12,   225.59
  596.67,   851.15,   350.68
  598.78,   848.98,   476.53
  349.93,   598.14,   350.26
  346.65,   595.33,   475.44
  343.31,   592.75,   600.20
  346.20,   723.02,   352.69
  343.59,   721.18,   478.30
  341.15,   719.52,   602.77
  343.32,   848.42,   355.23
  340.29,   846.61,   481.06
  338.11,   845.07,   605.60
  474.74,   600.48,   353.27
  471.90,   597.77,   478.72
  468.30,   595.24,   603.74
  471.20,   726.14,   355.84
  468.34,   724.41,   481.13
  464.87,   722.03,   606.08
  468.04,   851.64,   358.34
  464.84,   849.86,   483.95
  461.99,   847.74,   608.77
  600.18,   603.95,   356.11
  597.48,   601.51,   481.27
  594.30,   598.97,   606.80
  596.83,   729.42,   358.54
  594.27,   727.41,   483.76
  590.76,   724.90,   608.94
  593.46,   854.05,   360.79
  590.69,   851.89,   486.48
  587.78,   849.54,   611.84
  351.63,   599.76,   473.97
  349.69,   603.13,   599.17
  347.53,   606.49,   723.82
  353.51,   725.43,   471.11
  352.30,   729.70,   595.78
  350.89,   733.57,   720.14
  355.90,   851.03,   468.20
  354.67,   855.20,   592.86
  353.98,   859.04,   717.67
  477.07,   596.81,   476.20
  474.74,   600.13,   601.14
  472.00,   603.98,   726.32
  478.63,   723.47,   472.78
  476.61,   727.37,   597.64
  474.09,   730.17,   722.17
  480.56,   848.99,   469.96
  478.59,   852.46,   595.08
  477.17,   855.46,   719.52
  602.44,   595.04,   477.76
  600.34,   598.78,   603.01
  597.69,   601.96,   728.18
  604.67,   721.33,   474.26
  602.38,   724.35,   599.44
  599.99,   727.67,   724.28
  606.47,   845.65,   470.75
  604.79,   848.94,   596.52
  603.11,   852.18,   721.89
  349.16,   600.05,   600.85
  352.24,   603.42,   725.22
  355.69,   607.06,   849.91
  348.09,   726.99,   597.56
  352.11,   730.27,   721.59
  354.47,   733.25,   846.42
  347.12,   852.29,   594.77
  351.52,   856.12,   719.45
  354.86,   858.88,   844.28
  473.98,   601.07,   597.43
  476.85,   604.39,   722.14
  479.96,   608.74,   846.42
  472.21,   728.17,   594.18
  475.08,   731.02,   718.38
  478.71,   733.68,   843.15
  470.95,   853.17,   591.50
  474.43,   856.02,   715.80
  478.74,   858.71,   840.47
  599.94,   602.96,   593.66
  602.61,   606.38,   718.77
  605.47,   609.94,   843.05
  598.11,   728.98,   590.08
  601.07,   731.79,   714.87
  604.32,   735.06,   839.75
  596.58,   853.28,   587.42
  600.55,   856.65,   712.78
  603.88,   860.22,   837.27
  476.36,    99.98,   100.92
  472.84,    96.39,   226.07
  469.24,    93.06,   350.29
  478.77,   225.30,   104.43
  474.99,   221.78,   229.24
  471.60,   218.54,   354.21
  481.27,   350.22,   108.28
  477.78,   346.99,   233.03
  473.85,   342.69,   357.79
  601.87,    97.66,   104.89
  598.06,    94.10,   229.66
  594.23,    91.30,   353.78
  603.91,   222.99,   108.28
  600.37,   219.32,   233.03
  596.86,   215.62,   357.72
  606.28,   347.67,   112.38
  602.42,   344.23,   237.04
  599.35,   339.90,   361.38
  726.92,    95.67,   108.66
  723.16,    91.87,   232.69
  719.99,    88.94,   357.54
  729.47,   220.80,   112.16
  725.30,   216.69,   236.81
  721.52,   213.37,   361.09
  731.00,   345.10,   116.14
  727.27,   340.94,   241.20
  724.03,   337.67,   364.89
  474.25,    97.93,   224.86
  474.93,    96.79,   349.17
  475.21,    95.17,   473.78
  472.17,   223.90,   226.36
  472.33,   222.03,   351.17
  473.01,   220.08,   476.39
  470.16,   348.88,   228.56
  470.49,   346.32,   353.49
  471.12,   343.57,   478.69
  599.54,   100.68,   224.35
  600.14,    99.10,   348.46
  600.43,    97.38,   473.42
  597.35,   225.76,   226.18
  598.07,   223.80,   350.70
  598.50,   221.85,   475.96
  595.05,   350.48,   228.17
  595.88,   348.11,   352.87
  596.24,   345.76,   477.95
  724.77,   103.35,   222.99
  725.49,   101.53,   348.42
  726.04,    98.89,   473.53
  722.24,   227.92,   225.83
  723.03,   225.98,   350.20
  723.75,   223.99,   475.40
  719.64,   352.31,   228.84
  720.66,   350.46,   352.40
  721.34,   348.94,   477.23
  476.18,   102.05,   348.49
  473.19,   103.85,   473.64
  469.82,   105.37,   599.04
  476.73,   227.63,   347.55
  473.74,   229.07,   472.53
  470.12,   230.46,   597.66
  477.73,   351.91,   346.20
  474.48,   352.58,   471.48
  471.16,   353.71,   596.22
  601.39,   101.91,   351.71
  598.47,   103.42,   476.53
  595.12,   104.10,   601.80
  602.12,   226.76,   350.57
  598.97,   228.08,   475.32
  595.49,   229.30,   600.75
  603.04,   351.07,   349.14
  599.63,   352.17,   474.32
  596.17,   353.63,   599.57
  727.06,   101.55,   355.11
  724.12,   102.48,   480.11
  720.95,   103.01,   604.92
  727.30,   226.15,   353.06
  724.56,   227.64,   478.45
  721.24,   228.36,   604.13
  727.82,   350.79,   352.18
  725.15,   352.29,   477.23
  721.71,   354.14,   602.95
  473.39,   101.58,   476.30
  472.42,    99.66,   602.19
  471.31,    97.06,   727.68
  472.47,   226.87,   478.78
  471.39,   224.76,   603.78
  470.39,   222.52,   728.76
  471.69,   350.44,   480.66
  470.88,   348.23,   605.85
  469.85,   346.39,   731.05
  598.69,   102.54,   476.91
  597.91,   100.33,   602.26
  596.82,    97.22,   728.25
  597.71,   227.04,   479.34
  596.83,   225.07,   604.50
  595.26,   222.89,   729.25
  597.03,   351.21,   481.40
  596.01,   349.41,   606.75
  595.02,   347.80,   731.90
  724.51,   103.05,   478.10
  723.60,    99.99,   602.77
  722.47,    97.75,   728.30
  723.08,   227.99,   479.98
  722.44,   225.78,   605.38
  720.51,   223.55,   729.78
  722.17,   353.14,   481.51
  721.34,   351.53,   607.69
  719.94,   349.28,   732.63
  473.52,   102.30,   601.10
  474.76,   100.17,   726.84
  476.15,    98.00,   851.69
  475.47,   227.32,   602.46
  477.06,   225.60,   727.14
  478.56,   223.81,   851.98
  477.66,   350.72,   603.90
  479.13,   349.46,   729.03
  481.43,   348.52,   853.50
  598.77,    99.61,   598.99
  599.94,    97.07,   724.91
  601.11,    95.23,   850.27
  600.58,   224.89,   600.52
  601.79,   223.10,   725.44
  603.57,   221.21,   850.38
  603.11,   348.98,   602.38
  604.40,   348.13,   727.78
  606.18,   346.80,   852.17
  724.58,    96.84,   597.28
  725.83,    94.99,   722.71
  726.82,    93.99,   848.61
  726.40,   222.12,   599.21
  726.76,   220.30,   723.80
  728.77,   219.11,   848.97
  728.68,   347.70,   600.92
  729.38,   346.44,   726.09
  730.50,   344.37,   850.86
  473.75,   225.13,    99.11
  472.04,   226.02,   224.06
  470.03,   226.50,   349.16
  476.74,   350.37,    99.25
  474.82,   351.13,   223.93
  472.96,   350.79,   348.62
  479.21,   475.31,    99.31
  477.13,   475.62,   224.02
  475.36,   475.04,   348.44
  599.39,   222.82,   101.13
  597.28,   223.32,   226.30
  595.20,   223.39,   350.88
  601.47,   347.50,   101.25
  599.58,   348.15,   226.25
  597.99,   348.09,   350.76
  603.75,   472.53,   101.36
  601.94,   473.07,   225.81
  600.28,   472.70,   350.48
  724.55,   220.92,   103.59
  722.25,   220.71,   228.65
  720.51,   220.99,   352.73
  726.37,   345.12,   103.40
  724.20,   344.92,   228.96
  722.91,   345.62,   352.47
  728.27,   469.34,   103.62
  726.23,   469.63,   228.41
  725.22,   470.75,   352.44
  475.23,   226.51,   225.44
  477.36,   226.07,   350.78
  479.02,   225.73,   476.13
  478.86,   351.71,   226.52
  480.76,   350.58,   351.27
  482.78,   349.18,   476.33
  482.05,   476.48,   227.30
  484.13,   474.96,   352.05
  486.41,   473.09,   476.87
  600.69,   223.01,   224.22
  602.47,   222.37,   348.76
  604.49,   222.07,   473.53
  603.80,   348.00,   224.82
  606.21,   346.98,   349.61
  608.18,   345.95,   474.35
  606.97,   472.81,   225.31
  609.24,   471.66,   350.01
  611.62,   470.89,   474.87
  725.68,   219.70,   222.66
  727.33,   219.32,   346.63
  729.67,   218.97,   471.84
  728.30,   344.03,   223.60
  731.04,   343.58,   347.39
  732.95,   343.76,   472.38
  731.12,   468.70,   224.15
  734.00,   468.82,   348.09
  736.57,   468.90,   472.90
  473.74,   225.14,   349.62
  475.84,   228.56,   474.68
  477.30,   231.81,   599.72
  475.29,   349.40,   345.97
  477.51,   352.00,   471.36
  478.96,   355.17,   596.39
  476.83,   473.51,   342.69
  478.83,   476.13,   467.98
  480.60,   478.82,   593.27
  598.91,   223.36,   347.52
  600.96,   226.51,   472.37
  602.87,   229.94,   597.61
  600.60,   347.74,   344.09
  602.54,   350.61,   469.28
  604.10,   354.21,   594.44
  602.13,   472.24,   340.87
  604.45,   475.33,   465.89
  605.94,   478.80,   591.10
  723.89,   221.77,   345.02
  726.69,   225.05,   470.31
  728.26,   228.03,   596.19
  725.36,   346.33,   341.79
  727.80,   349.93,   466.78
  729.56,   353.80,   592.92
  726.92,   471.02,   338.87
  729.48,   475.57,   463.23
  731.63,   479.38,   588.94
  475.48,   225.94,   476.00
  474.72,   223.12,   601.29
  474.37,   220.03,   725.96
  473.82,   349.48,   478.94
  473.32,   346.30,   603.94
  472.96,   344.08,   728.89
  472.47,   473.50,   481.68
  471.44,   470.08,   607.25
  470.50,   468.08,   732.52
  601.07,   227.19,   476.25
  600.25,   224.41,   601.27
  599.43,   221.09,   726.16
  599.19,   351.28,   479.25
  598.46,   348.69,   604.37
  597.69,   346.33,   729.67
  597.74,   476.16,   481.83
  597.02,   473.24,   607.46
  596.09,   470.68,   733.33
  726.53,   229.10,   476.40
  726.05,   225.73,   602.16
  724.42,   222.80,   726.26
  724.39,   354.01,   479.16
  724.09,   351.60,   605.16
  722.83,   348.74,   730.07
  722.65,   479.21,   482.01
  722.48,   476.95,   607.88
  722.07,   473.88,   733.52
  473.50,   226.12,   598.74
  472.93,   223.96,   723.56
  472.95,   221.58,   848.58
  471.51,   349.40,   600.80
  471.11,   347.86,   725.93
  471.05,   346.23,   850.30
  469.64,   473.00,   603.03
  468.40,   471.71,   728.01
  468.42,   471.37,   852.74
  598.57,   227.70,   598.74
  597.95,   225.32,   723.35
  597.61,   222.96,   848.48
  596.79,   352.04,   601.10
  595.96,   350.35,   726.34
  595.84,   348.72,   851.08
  595.04,   476.57,   603.26
  593.99,   474.95,   729.12
  594.09,   473.63,   853.14
  724.40,   229.48,   599.43
  723.13,   227.38,   723.83
  722.84,   225.17,   849.03
  722.19,   355.36,   601.86
  721.32,   353.40,   726.72
  720.39,   350.49,   851.52
  720.26,   480.61,   603.27
  719.90,   478.40,   729.17
  718.95,   475.68,   853.58
  475.57,   351.02,   100.97
  474.98,   353.00,   225.61
  473.62,   353.72,   350.49
  474.96,   475.98,    99.76
  473.71,   477.46,   224.12
  473.23,   478.24,   349.23
  474.02,   600.83,    98.10
  472.74,   602.23,   222.70
  472.01,   603.13,   347.81
  600.72,   351.39,   102.19
  599.63,   353.29,   226.98
  599.05,   354.02,   351.62
  599.60,   476.24,   100.85
  598.61,   478.04,   225.40
  598.07,   478.98,   350.26
  598.68,   601.37,    99.39
  597.76,   602.84,   223.55
  597.34,   604.27,   348.45
  725.42,   352.19,   103.21
  724.21,   353.34,   228.67
  723.95,   354.87,   352.49
  724.04,   476.27,   102.20
  722.99,   478.23,   227.09
  722.92,   480.07,   350.90
  723.97,   602.20,   100.45
  722.68,   603.47,   224.90
  722.49,   605.75,   349.10
  473.80,   350.96,   224.83
  471.43,   350.20,   349.73
  469.30,   349.69,   475.18
  473.64,   476.04,   225.31
  471.83,   474.75,   350.14
  469.93,   473.49,   475.09
  473.60,   600.47,   225.44
  471.67,   599.84,   350.30
  470.02,   599.41,   475.49
  598.33,   350.37,   227.34
  596.96,   349.96,   352.11
  594.84,   349.44,   477.20
  598.59,   475.08,   227.42
  597.00,   474.74,   352.12
  595.42,   473.94,   477.04
  598.78,   600.43,   227.32
  597.01,   600.08,   352.01
  595.59,   599.52,   477.30
  723.20,   349.52,   230.07
  721.86,   349.72,   353.64
  719.94,   349.80,   478.55
  722.89,   474.50,   230.08
  721.97,   474.65,   353.90
  720.41,   475.15,   478.91
  723.36,   599.86,   229.45
  722.26,   600.46,   353.93
  720.83,   600.74,   478.87
  475.31,   350.13,   351.37
  478.88,   347.70,   476.47
  481.71,   345.71,   601.31
  475.11,   474.60,   353.33
  478.66,   471.82,   478.39
  481.60,   469.47,   603.69
  474.42,   599.70,   355.15
  478.17,   597.48,   480.14
  481.17,   595.48,   605.67
  600.76,   350.22,   347.96
  603.96,   348.04,   472.70
  606.87,   346.74,   598.30
  600.48,   475.20,   349.86
  604.01,   473.00,   474.82
  607.20,   471.07,   600.23
  599.92,   600.54,   351.35
  603.73,   598.76,   476.46
  606.81,   596.49,   601.80
  725.41,   350.82,   344.24
  729.26,   349.37,   469.20
  732.29,   347.83,   595.08
  725.28,   475.74,   346.16
  729.08,   474.77,   470.70
  732.53,   473.21,   596.51
  724.75,   601.68,   347.65
  728.94,   600.27,   472.58
  732.66,   598.50,   597.75
  474.60,   350.71,   476.45
  475.01,   347.52,   601.77
  475.29,   344.72,   726.53
  473.47,   474.67,   479.67
  473.85,   471.34,   605.09
  473.66,   468.80,   730.15
  471.64,   600.47,   482.94
  471.97,   597.39,   608.10
  471.65,   594.52,   733.13
  600.16,   352.37,   476.07
  600.16,   349.33,   601.23
  600.22,   346.87,   726.47
  598.69,   476.84,   478.99
  599.24,   473.93,   604.61
  599.25,   471.20,   730.39
  597.39,   602.50,   482.17
  597.84,   599.23,   607.60
  597.61,   596.29,   732.75
  725.50,   354.60,   475.29
  725.53,   352.01,   601.25
  725.40,   349.00,   725.89
  724.11,   479.83,   478.38
  724.54,   477.43,   604.02
  724.85,   473.83,   729.40
  722.73,   605.44,   481.02
  723.46,   602.53,   606.36
  723.70,   598.84,   731.65
  473.61,   350.22,   601.72
  471.57,   349.86,   726.81
  470.44,   349.93,   851.86
  474.52,   474.01,   602.73
  471.98,   473.77,   727.92
  470.63,   474.76,   852.48
  475.18,   599.89,   603.45
  472.48,   599.41,   728.69
  470.50,   599.60,   852.62
  599.03,   349.74,   603.90
  596.78,   349.62,   728.93
  595.19,   349.43,   853.68
  600.09,   474.34,   604.49
  597.71,   474.30,   730.33
  596.02,   474.35,   854.58
  600.85,   599.87,   605.25
  598.16,   599.22,   730.36
  595.81,   598.95,   854.64
  724.32,   350.16,   605.64
  721.84,   349.53,   730.61
  719.75,   348.32,   855.81
  725.59,   475.70,   606.30
  723.32,   474.61,   731.75
  721.15,   473.20,   856.03
  726.32,   600.96,   606.10
  724.53,   599.47,   731.58
  722.08,   597.90,   856.56
  474.44,   474.77,   100.86
  476.34,   475.41,   225.58
  478.67,   474.24,   350.58
  476.25,   599.82,   101.07
  477.83,   599.71,   225.70
  480.39,   599.41,   350.48
  478.13,   724.73,   100.35
  479.65,   724.59,   225.23
  481.54,   725.05,   350.36
  599.36,   472.49,    99.44
  601.47,   472.73,   223.73
  603.54,   472.58,   348.66
  601.30,   597.76,    99.04
  602.98,   598.00,   223.61
  605.62,   597.97,   348.31
  602.99,   723.27,    98.67
  604.77,   723.24,   222.75
  607.13,   723.39,   347.89
  723.77,   469.91,    97.39
  725.72,   469.98,   222.43
  728.33,   470.91,   346.62
  725.95,   595.56,    97.33
  727.82,   595.82,   221.72
  730.69,   596.45,   346.34
  729.07,   722.01,    96.38
  731.07,   721.53,   221.16
  733.06,   722.02,   345.78
  475.96,   473.69,   226.68
  473.70,   473.28,   351.61
  471.26,   472.91,   476.63
  472.91,   598.02,   225.95
  470.55,   598.50,   350.86
  468.00,   598.38,   476.02
  469.59,   722.98,   224.91
  466.74,   723.88,   350.24
  464.44,   725.10,   476.01
  600.63,   475.69,   229.45
  598.71,   476.08,   353.87
  596.38,   476.30,   479.09
  597.67,   600.87,   228.19
  595.78,   601.46,   353.04
  593.70,   602.11,   478.31
  594.87,   725.96,   227.38
  592.73,   727.18,   352.53
  590.25,   727.97,   477.92
  725.15,   477.98,   232.21
  723.34,   479.35,   356.21
  721.29,   480.44,   481.26
  722.72,   603.44,   231.03
  720.82,   604.77,   355.51
  719.08,   606.02,   480.66
  721.05,   729.29,   229.71
  718.57,   730.32,   354.63
  716.27,   731.01,   479.90
  474.29,   472.48,   351.51
  471.37,   473.36,   476.46
  468.15,   474.56,   601.99
  472.92,   597.56,   349.96
  470.41,   598.96,   475.22
  467.13,   600.75,   600.40
  471.40,   723.18,   348.14
  468.40,   725.50,   473.74
  465.48,   727.87,   598.46
  599.27,   473.55,   354.41
  596.90,   475.02,   479.58
  593.72,   476.90,   604.90
  598.39,   599.24,   352.42
  595.95,   600.66,   477.72
  592.65,   602.27,   603.19
  597.08,   724.51,   350.32
  594.30,   726.57,   475.91
  591.52,   728.35,   601.11
  724.43,   475.04,   357.03
  722.07,   477.51,   481.75
  718.84,   479.75,   607.48
  723.32,   600.58,   355.17
  721.22,   603.15,   479.86
  718.34,   604.67,   605.44
  723.03,   726.16,   352.87
  720.52,   727.91,   478.25
  717.93,   729.34,   603.06
  476.60,   473.59,   474.54
  478.31,   474.52,   599.78
  480.17,   476.69,   725.26
  474.26,   599.57,   473.68
  476.19,   600.56,   598.74
  477.51,   602.22,   723.85
  471.51,   726.14,   472.74
  473.63,   727.55,   597.64
  475.12,   728.39,   722.10
  602.01,   476.67,   472.28
  603.83,   478.03,   597.88
  605.50,   479.59,   723.23
  599.78,   602.13,   471.06
  601.92,   603.54,   596.47
  603.34,   604.86,   721.52
  597.20,   728.41,   469.86
  599.54,   729.34,   595.02
  601.25,   730.10,   719.92
  727.11,   480.12,   469.76
  729.28,   481.98,   595.07
  731.24,   482.95,   721.04
  725.37,   605.63,   468.26
  727.68,   607.04,   593.38
  729.71,   607.88,   718.74
  723.42,   730.65,   467.07
  725.84,   731.57,   592.06
  727.63,   732.32,   716.36
  475.53,   471.71,   598.77
  476.20,   471.56,   724.10
  477.23,   472.79,   848.81
  478.07,   597.62,   599.58
  478.47,   597.35,   724.51
  478.99,   597.65,   848.69
  480.05,   724.62,   599.89
  480.42,   723.74,   724.29
  481.67,   722.68,   849.58
  600.97,   469.89,   598.00
  601.72,   470.13,   723.63
  602.54,   470.29,   848.09
  603.94,   595.71,   598.44
  603.98,   595.01,   723.40
  604.69,   595.01,   847.87
  606.40,   721.42,   598.50
  606.71,   720.46,   723.58
  606.92,   720.31,   848.67
  726.35,   469.44,   596.90
  727.35,   468.64,   722.34
  727.54,   467.55,   847.16
  729.58,   594.54,   596.73
  730.36,   593.62,   722.08
  730.76,   591.91,   846.96
  732.62,   719.08,   596.59
  732.98,   718.03,   721.59
  732.75,   717.39,   847.15
  473.37,   598.19,    98.77
  470.01,   594.97,   223.64
  467.17,   591.40,   348.54
  473.82,   723.12,   101.56
  470.16,   719.61,   226.32
  466.93,   717.04,   351.75
  473.87,   848.11,   103.92
  470.70,   844.79,   229.06
  467.38,   842.70,   354.59
  598.08,   597.11,   102.15
  595.14,   594.41,   226.37
  592.58,   591.16,   351.35
  598.79,   722.49,   104.96
  595.62,   719.28,   228.95
  592.71,   716.74,   354.31
  599.47,   847.58,   108.02
  595.87,   844.77,   231.97
  593.06,   841.65,   357.07
  723.05,   596.24,   105.42
  719.80,   593.33,   229.77
  717.48,   590.84,   354.32
  725.04,   722.65,   107.69
  721.66,   719.14,   232.11
  718.36,   716.29,   356.84
  725.55,   847.94,   110.63
  722.39,   844.88,   235.05
  719.59,   840.59,   360.16
  475.70,   598.81,   226.50
  473.49,   600.84,   351.48
  471.52,   602.75,   476.72
  471.83,   723.58,   224.08
  469.20,   726.44,   349.07
  467.21,   729.38,   474.66
  468.31,   848.66,   221.03
  465.91,   851.48,   346.86
  463.37,   854.77,   472.72
  600.60,   602.20,   228.62
  599.01,   604.77,   353.47
  596.90,   606.89,   478.65
  596.95,   727.52,   225.89
  594.97,   730.30,   351.09
  592.98,   732.83,   476.27
  593.54,   852.38,   223.45
  591.44,   854.74,   348.32
  589.36,   857.40,   474.23
  725.68,   605.36,   231.04
  724.10,   608.57,   355.54
  722.26,   611.67,   480.58
  723.36,   731.50,   228.04
  721.13,   734.12,   352.71
  719.14,   736.26,   478.12
  719.66,   857.12,   225.35
  717.71,   858.13,   350.53
  716.05,   859.61,   475.80
  473.45,   600.99,   351.60
  473.79,   600.40,   477.04
  473.63,   600.17,   602.21
  475.11,   726.57,   351.84
  475.29,   727.11,   477.48
  475.32,   727.34,   602.23
  476.97,   851.96,   351.84
  477.06,   852.68,   477.84
  477.33,   852.49,   602.82
  598.83,   599.21,   351.31
  599.36,   599.19,   476.52
  599.20,   598.81,   602.13
  600.68,   724.69,   351.20
  601.15,   724.91,   476.69
  601.25,   724.88,   602.03
  602.71,   849.57,   351.16
  602.99,   849.49,   476.90
  603.37,   849.40,   602.64
  723.92,   597.85,   350.85
  724.85,   598.38,   476.14
  724.82,   598.36,   601.26
  726.54,   723.35,   350.81
  727.35,   723.23,   476.11
  727.40,   722.74,   600.96
  729.06,   847.45,   350.96
  729.65,   846.43,   476.12
  730.36,   846.67,   601.49
  473.35,   598.83,   476.85
  475.49,   601.99,   602.09
  476.94,   605.58,   726.97
  469.86,   725.67,   473.97
  472.21,   729.07,   598.96
  473.69,   731.78,   723.22
  467.03,   850.94,   471.29
  469.26,   854.26,   596.23
  472.03,   856.78,   720.54
  598.79,   602.09,   473.93
  600.86,   605.29,   599.24
  602.62,   608.40,   724.70
  596.13,   728.32,   471.01
  597.95,   731.21,   596.01
  600.02,   733.99,   721.04
  593.00,   852.79,   468.05
  595.63,   855.71,   593.56
  597.98,   858.79,   718.86
  724.26,   606.07,   471.32
  726.61,   609.43,   596.40
  728.50,   611.97,   721.84
  722.09,   731.08,   467.93
  724.49,   733.57,   593.13
  726.38,   736.65,   717.87
  719.46,   854.06,   465.01
  722.31,   857.24,   590.58
  724.59,   862.00,   716.15
  476.16,   598.40,   600.48
  476.87,   598.45,   725.35
  477.74,   599.10,   849.46
  479.01,   725.16,   600.43
  479.66,   724.62,   724.86
  481.10,   724.10,   849.81
  482.08,   850.47,   601.02
  483.44,   849.72,   725.28
  485.19,   848.96,   850.25
  601.88,   595.87,   598.76
  602.32,   595.82,   724.14
  603.30,   595.84,   848.59
  604.94,   721.58,   598.74
  605.65,   721.30,   723.47
  606.05,   720.90,   848.66
  608.32,   846.15,   599.03
  609.44,   845.98,   724.55
  610.31,   846.31,   849.58
  727.57,   594.21,   596.93
  728.45,   593.27,   722.47
  729.32,   592.56,   847.05
  731.16,   718.42,   596.78
  731.87,   718.10,   721.32
  732.08,   717.56,   847.08
  734.90,   842.47,   596.95
  735.82,   843.61,   722.15
  735.79,   844.16,   848.12
  600.96,   100.63,   100.31
  600.83,    99.05,   225.38
  601.08,    98.84,   349.44
  602.79,   225.82,   101.42
  603.10,   224.51,   226.25
  602.78,   223.14,   350.83
  604.70,   350.39,   102.77
  604.86,   349.16,   227.87
  605.02,   347.54,   352.34
  726.24,    98.93,   100.52
  726.03,    97.80,   224.32
  726.57,    96.80,   349.83
  728.23,   224.18,   101.71
  727.77,   222.15,   226.62
  727.96,   221.25,   350.76
  729.39,   348.39,   103.09
  729.56,   346.70,   228.45
  730.00,   346.00,   352.11
  851.26,    96.74,    99.64
  851.39,    95.98,   224.29
  851.84,    94.52,   350.60
  852.99,   222.05,   101.04
  853.03,   220.65,   226.03
  853.36,   219.61,   351.41
  854.72,   346.26,   103.15
  853.88,   344.45,   228.37
  854.70,   344.40,   352.61
  600.44,    98.77,   224.15
  600.35,    98.83,   348.53
  600.21,    98.42,   473.36
  599.85,   224.16,   224.64
  599.81,   223.61,   349.19
  599.52,   223.09,   474.31
  599.14,   348.81,   225.00
  599.30,   348.06,   350.04
  598.77,   347.28,   475.17
  725.88,    99.60,   223.82
  725.63,    99.56,   349.05
  725.87,    98.51,   474.62
  724.78,   224.44,   225.22
  724.81,   224.25,   349.14
  724.64,   223.80,   474.60
  723.82,   348.95,   226.52
  723.94,   348.76,   349.88
  724.00,   348.46,   475.10
  851.18,   100.78,   223.95
  850.94,    99.84,   349.94
  850.71,    98.59,   476.05
  850.16,   225.34,   225.00
  849.98,   225.07,   350.37
  850.21,   224.13,   476.73
  848.36,   349.09,   226.58
  848.70,   349.54,   351.05
  849.47,   349.78,   475.83
  599.36,   100.99,   347.55
  599.35,   103.18,   472.40
  599.42,   104.60,   598.00
  596.01,   225.66,   345.83
  595.82,   227.54,   470.70
  595.76,   229.60,   596.17
  592.58,   350.08,   343.67
  593.08,   351.60,   468.98
  592.41,   354.17,   594.13
  724.58,   104.34,   347.75
  725.08,   105.94,   473.16
  724.92,   107.07,   597.70
  720.96,   228.82,   345.29
  721.29,   231.16,   470.44
  721.08,   232.69,   596.53
  717.57,   353.20,   343.45
  717.96,   356.05,   468.42
  717.88,   358.26,   594.19
  849.90,   107.76,   348.17
  849.74,   108.76,   474.51
  849.55,   109.97,   598.80
  846.18,   232.58,   346.08
  846.66,   234.61,   471.97
  846.24,   236.41,   596.96
  842.28,   356.92,   343.86
  843.13,   360.05,   468.84
  843.31,   362.28,   593.91
  599.00,   102.59,   473.47
  599.03,    98.37,   599.00
  598.94,    94.17,   724.86
  601.65,   227.08,   477.64
  601.42,   223.48,   602.79
  600.95,   219.87,   727.46
  604.70,   351.01,   481.08
  604.37,   347.80,   606.45
  603.96,   344.58,   731.86
  724.68,    99.45,   474.18
  724.84,    94.83,   598.51
  724.59,    91.16,   724.06
  727.29,   224.45,   477.41
  727.18,   220.37,   602.92
  726.22,   216.53,   727.12
  729.92,   349.25,   480.55
  729.71,   345.92,   606.39
  728.99,   342.57,   731.39
  849.72,    96.03,   474.99
  849.43,    91.55,   599.38
  849.97,    88.45,   723.30
  852.53,   221.87,   478.76
  852.06,   217.96,   603.38
  850.85,   214.68,   726.94
  854.91,   346.95,   480.83
  854.90,   343.80,   605.72
  853.78,   339.96,   730.38
  598.30,   101.14,   601.04
  594.39,   101.71,   726.81
  590.26,   102.86,   852.31
  595.97,   226.09,   599.64
  591.92,   227.28,   724.33
  588.56,   228.59,   849.41
  594.44,   350.28,   598.49
  590.50,   352.34,   723.75
  587.29,   354.07,   848.16
  724.04,   102.19,   604.42
  720.04,   103.51,   729.69
  715.79,   105.15,   855.89
  721.53,   227.80,   603.73
  717.17,   228.91,   727.71
  713.48,   230.40,   853.35
  719.62,   353.42,   602.31
  715.49,   354.95,   727.35
  711.62,   356.04,   852.14
  848.74,   103.46,   609.02
  844.84,   105.48,   732.79
  841.42,   107.71,   858.10
  846.72,   229.84,   607.77
  841.72,   231.74,   731.58
  838.29,   233.39,   856.99
  845.11,   355.90,   605.37
  840.04,   356.90,   729.90
  836.26,   357.65,   854.90
  600.36,   225.70,    99.33
  602.59,   226.05,   224.58
  604.80,   226.41,   349.20
  600.55,   350.38,    99.34
  602.52,   351.05,   224.26
  604.79,   350.87,   349.02
  600.21,   475.09,    99.18
  602.33,   475.81,   223.81
  604.95,   476.04,   348.34
  725.98,   226.09,    97.50
  727.47,   225.87,   222.55
  729.78,   226.36,   346.83
  725.30,   349.98,    97.21
  727.18,   350.02,   222.91
  729.78,   351.03,   346.29
  724.46,   474.47,    97.33
  726.93,   474.87,   222.18
  729.70,   476.10,   346.34
  850.82,   225.80,    95.00
  852.64,   225.91,   219.97
  854.99,   226.67,   345.27
  850.21,   350.03,    95.30
  851.74,   349.75,   220.65
  854.61,   351.05,   345.11
  849.92,   474.48,    95.21
  851.48,   474.93,   220.26
  854.48,   475.82,   344.28
  598.95,   225.15,   226.00
  596.98,   226.12,   350.94
  595.08,   227.11,   475.70
  600.92,   349.60,   225.32
  599.37,   350.52,   350.19
  597.39,   350.96,   474.96
  602.51,   474.72,   224.41
  601.30,   475.23,   349.13
  599.60,   476.01,   474.15
  724.10,   222.60,   228.63
  722.20,   224.11,   352.59
  720.51,   224.90,   478.02
  725.62,   347.12,   228.27
  723.94,   348.69,   351.84
  722.59,   349.89,   476.68
  727.08,   472.08,   226.66
  726.17,   473.48,   350.97
  724.30,   475.36,   475.58
  848.97,   221.12,   229.83
  847.37,   222.23,   355.46
  845.70,   223.40,   481.45
  849.99,   345.21,   230.00
  848.99,   346.81,   354.43
  847.78,   348.54,   479.41
  851.97,   469.80,   228.97
  850.75,   471.58,   353.06
  849.71,   473.69,   477.41
  598.73,   223.33,   351.37
  598.30,   219.84,   476.19
  597.82,   216.00,   601.70
  600.77,   347.59,   355.02
  600.35,   343.99,   480.27
  599.72,   340.33,   605.61
  602.38,   472.61,   358.97
  602.38,   468.54,   483.87
  601.72,   464.93,   609.44
  723.53,   221.39,   350.97
  724.01,   218.13,   476.55
  723.65,   213.88,   602.13
  725.64,   346.05,   355.16
  725.74,   342.68,   479.99
  725.40,   339.63,   606.11
  726.99,   471.06,   358.93
  727.53,   468.18,   483.51
  727.32,   465.16,   609.47
  849.08,   219.99,   352.29
  849.32,   216.14,   478.24
  848.63,   212.36,   602.87
  850.38,   344.77,   355.53
  851.03,   341.48,   480.53
  850.46,   338.22,   605.52
  852.00,   469.42,   358.98
  852.72,   466.54,   483.42
  852.77,   463.22,   608.73
  598.36,   224.47,   473.60
  600.90,   221.65,   598.60
  603.69,   218.43,   723.27
  596.65,   348.33,   476.57
  599.16,   345.79,   601.79
  602.00,   343.29,   727.12
  594.78,   473.01,   479.50
  597.50,   470.26,   605.07
  600.20,   467.81,   730.48
  723.54,   226.39,   470.30
  726.50,   222.87,   596.10
  728.59,   219.89,   720.32
  721.91,   351.17,   473.16
  724.53,   348.76,   599.19
  727.13,   346.10,   723.93
  720.16,   476.43,   476.03
  723.04,   474.28,   601.63
  725.85,   471.23,   727.28
  849.10,   228.40,   468.78
  851.67,   225.16,   593.67
  853.30,   222.71,   717.63
  846.96,   353.72,   470.39
  849.87,   350.96,   595.42
  851.50,   348.14,   719.87
  845.04,   478.84,   472.44
  848.32,   476.48,   597.70
  850.71,   473.06,   722.76
  597.77,   225.03,   602.00
  596.68,   226.32,   726.43
  595.98,   227.24,   851.66
  601.50,   349.32,   600.62
  600.66,   351.02,   725.94
  599.88,   352.79,   850.77
  605.47,   473.69,   599.60
  604.44,   475.82,   725.00
  603.56,   477.79,   849.75
  723.74,   220.94,   602.88
  721.54,   222.48,   727.21
  721.07,   223.80,   852.72
  726.96,   346.80,   601.98
  725.61,   348.04,   726.61
  724.67,   349.12,   851.80
  731.16,   472.33,   600.17
  729.77,   473.51,   725.60
  728.54,   473.97,   850.45
  848.43,   217.79,   604.70
  846.45,   219.38,   728.38
  846.10,   220.98,   853.66
  852.41,   343.46,   602.34
  850.02,   344.68,   726.61
  848.95,   345.41,   851.89
  856.35,   468.45,   600.21
  854.53,   469.64,   725.12
  852.94,   470.11,   849.65
  601.32,   348.21,   100.68
  604.87,   351.81,   225.22
  609.12,   354.91,   349.86
  602.73,   472.68,    97.22
  606.60,   476.79,   221.85
  610.69,   480.10,   346.33
  604.05,   597.81,    93.70
  607.71,   601.47,   217.84
  612.19,   605.27,   342.33
  726.26,   346.37,    96.92
  729.84,   349.56,   222.55
  734.14,   353.53,   346.11
  727.02,   470.80,    93.81
  730.75,   474.32,   218.49
  735.27,   478.63,   342.68
  728.90,   596.17,    89.89
  732.73,   599.63,   214.45
  737.19,   604.40,   338.52
  851.44,   344.76,    93.39
  854.20,   347.64,   218.89
  858.76,   352.10,   342.93
  852.39,   469.30,    90.31
  855.67,   472.36,   215.21
  860.17,   476.79,   338.89
  854.33,   594.80,    86.38
  857.74,   598.82,   210.58
  862.00,   602.86,   334.82
  600.57,   351.91,   223.96
  599.70,   353.02,   348.60
  598.05,   354.32,   473.96
  603.76,   476.70,   222.60
  602.49,   477.91,   347.36
  601.31,   479.15,   472.42
  606.33,   601.75,   220.66
  605.71,   603.36,   345.72
  604.60,   604.87,   470.83
  725.14,   348.46,   226.45
  724.60,   350.22,   350.11
  723.33,   352.26,   474.88
  728.03,   473.11,   224.71
  727.59,   475.37,   348.78
  726.61,   477.41,   473.42
  731.26,   598.61,   222.28
  730.38,   600.80,   347.03
  729.73,   603.17,   471.64
  849.90,   345.06,   227.63
  849.13,   347.30,   352.22
  848.58,   349.53,   476.93
  852.77,   469.74,   226.44
  852.36,   472.12,   350.12
  851.49,   474.66,   474.82
  856.61,   596.02,   223.97
  855.67,   597.83,   348.35
  854.74,   600.03,   473.38
  602.05,   350.20,   348.60
  604.99,   347.40,   473.62
  608.05,   344.55,   599.17
  602.41,   475.15,   351.59
  605.87,   471.97,   476.55
  608.79,   469.21,   601.80
  603.00,   600.62,   354.04
  606.59,   597.62,   479.05
  609.56,   594.76,   604.77
  726.63,   349.77,   345.09
  730.10,   347.59,   470.06
  733.24,   345.22,   596.05
  727.14,   474.86,   348.18
  730.98,   473.00,   473.04
  734.11,   470.61,   598.67
  727.99,   600.39,   350.77
  732.04,   598.50,   475.40
  735.20,   595.86,   600.93
  851.34,   349.42,   342.72
  855.48,   347.19,   467.69
  858.64,   344.54,   592.61
  852.06,   474.30,   345.10
  856.14,   472.16,   469.40
  859.67,   469.88,   594.50
  853.29,   599.77,   347.20
  856.68,   597.50,   472.32
  860.15,   595.51,   597.62
  601.61,   351.23,   473.42
  604.44,   350.15,   598.70
  607.50,   348.94,   724.21
  605.56,   475.86,   474.82
  608.63,   474.66,   600.31
  611.61,   473.18,   725.95
  609.20,   601.64,   476.19
  612.48,   600.04,   601.56
  615.10,   598.43,   727.08
  726.61,   348.64,   469.57
  729.83,   347.15,   595.56
  732.74,   345.67,   720.51
  730.61,   474.02,   470.99
  734.09,   472.77,   596.89
  737.02,   471.06,   722.35
  734.44,   599.45,   472.40
  738.18,   597.92,   597.66
  740.93,   595.74,   722.88
  851.64,   345.64,   466.92
  855.24,   343.88,   591.87
  857.14,   342.21,   716.22
  855.36,   470.45,   467.45
  859.02,   469.09,   592.45
  861.58,   467.14,   717.34
  858.90,   595.47,   468.97
  862.64,   594.65,   593.98
  866.14,   592.56,   719.09
  600.65,   351.08,   600.57
  597.96,   352.13,   725.77
  596.09,   353.19,   850.46
  600.61,   475.51,   599.81
  598.00,   476.66,   725.52
  595.73,   478.07,   850.00
  600.33,   601.10,   599.14
  597.55,   601.55,   724.23
  594.37,   602.88,   848.80
  726.06,   352.33,   603.08
  723.08,   353.01,   728.08
  720.79,   353.34,   852.57
  726.14,   477.75,   601.94
  723.52,   478.37,   727.51
  720.78,   478.01,   852.03
  726.02,   603.24,   600.79
  723.64,   602.94,   726.18
  720.60,   602.92,   850.98
  851.47,   353.23,   604.57
  847.58,   353.58,   729.01
  844.94,   353.20,   854.27
  851.51,   478.54,   603.50
  848.37,   478.78,   728.29
  845.31,   477.98,   852.85
  850.86,   603.83,   602.71
  849.07,   604.30,   727.89
  846.11,   603.66,   852.81
  599.49,   474.08,   101.70
  598.74,   475.53,   226.09
  598.53,   476.02,   350.75
  601.34,   599.61,   100.62
  600.98,   600.27,   224.90
  600.90,   601.19,   349.75
  603.31,   724.81,    99.35
  602.75,   725.38,   223.52
  602.56,   726.83,   348.65
  723.84,   471.51,   102.10
  723.34,   472.59,   227.26
  723.73,   474.09,   351.36
  726.49,   597.10,   101.18
  725.68,   598.00,   225.55
  725.77,   599.96,   349.95
  729.62,   723.38,    99.48
  728.81,   724.02,   223.91
  728.29,   725.12,   348.91
  848.78,   469.48,   103.14
  847.92,   469.92,   228.23
  848.28,   472.01,   352.02
  851.58,   595.02,   101.81
  851.16,   596.30,   226.08
  850.94,   597.82,   350.65
  855.65,   721.71,   100.26
  854.15,   722.81,   224.46
  853.61,   723.81,   349.27
  598.70,   475.86,   225.67
  601.32,   472.55,   350.31
  603.85,   469.54,   475.36
  601.19,   601.00,   228.26
  604.21,   598.04,   352.81
  606.85,   595.17,   478.08
  604.04,   726.27,   230.28
  606.91,   723.54,   355.54
  609.76,   721.21,   480.79
  722.87,   472.47,   223.83
  726.21,   470.29,   347.95
  728.74,   467.83,   472.64
  726.17,   597.90,   225.85
  729.04,   595.92,   350.23
  731.99,   593.68,   475.15
  730.38,   723.69,   227.92
  732.73,   721.18,   352.99
  735.58,   718.50,   478.12
  847.59,   468.97,   221.77
  850.60,   467.19,   345.58
  853.81,   465.25,   470.06
  851.28,   595.38,   223.51
  854.28,   592.66,   347.80
  856.87,   590.44,   472.72
  855.40,   721.67,   225.70
  857.44,   719.07,   350.38
  859.64,   715.88,   476.19
  601.46,   475.06,   351.71
  601.82,   477.93,   476.90
  601.56,   481.27,   602.42
  602.27,   600.44,   348.48
  602.74,   603.47,   473.53
  602.56,   606.67,   598.67
  602.71,   725.98,   344.80
  603.17,   729.61,   470.11
  603.07,   732.49,   595.37
  726.53,   474.58,   351.47
  727.10,   478.37,   476.17
  727.10,   482.00,   601.90
  727.25,   600.15,   348.13
  728.20,   603.98,   473.06
  728.31,   607.15,   598.31
  728.80,   725.67,   344.45
  729.05,   728.71,   469.56
  729.53,   731.54,   594.75
  851.17,   473.38,   351.74
  852.25,   477.64,   475.83
  852.36,   481.21,   601.05
  852.56,   599.40,   347.70
  853.00,   603.12,   472.85
  853.34,   606.95,   598.07
  853.68,   725.54,   344.15
  853.51,   728.64,   469.96
  853.62,   731.81,   595.50
  600.93,   473.35,   476.39
  598.80,   474.33,   601.86
  596.74,   475.81,   727.58
  601.50,   599.24,   475.24
  599.99,   600.03,   600.82
  597.36,   601.12,   725.75
  601.94,   725.10,   474.42
  600.30,   726.11,   599.56
  598.10,   726.51,   724.46
  725.76,   474.33,   477.55
  724.17,   475.79,   603.36
  722.44,   476.32,   729.12
  726.89,   599.66,   476.37
  725.78,   600.98,   601.56
  723.51,   601.09,   726.90
  728.12,   724.44,   475.25
  726.60,   725.37,   600.42
  724.56,   725.91,   725.12
  851.12,   473.32,   479.04
  849.55,   475.03,   604.27
  847.37,   475.75,   729.03
  851.93,   598.93,   477.97
  850.33,   600.35,   603.05
  848.82,   600.95,   728.45
  852.32,   724.22,   477.30
  850.85,   725.12,   602.84
  850.18,   726.45,   727.62
  600.85,   472.82,   601.59
  599.54,   473.52,   727.11
  598.29,   475.06,   851.41
  603.01,   598.16,   600.65
  600.81,   598.52,   726.25
  599.09,   599.64,   850.68
  604.36,   724.30,   599.97
  602.58,   724.07,   725.18
  600.83,   724.71,   850.10
  726.45,   472.98,   602.25
  724.98,   472.82,   728.30
  723.18,   472.84,   852.63
  728.55,   598.14,   601.57
  727.24,   597.96,   726.68
  725.19,   597.46,   851.55
  730.96,   722.34,   600.65
  729.05,   722.55,   725.20
  726.58,   722.69,   851.05
  851.72,   470.98,   602.93
  849.68,   471.04,   727.96
  847.47,   470.50,   852.41
  853.66,   596.55,   602.46
  852.61,   596.73,   727.63
  850.93,   596.08,   852.52
  855.08,   721.33,   602.65
  854.73,   722.18,   727.69
  853.69,   721.66,   853.36
  599.09,   600.59,   101.68
  602.05,   602.80,   226.11
  605.05,   604.72,   350.85
  597.89,   725.75,    99.27
  600.50,   727.84,   223.39
  603.82,   730.28,   348.60
  596.78,   851.14,    97.41
  599.20,   852.98,   221.42
  602.00,   855.13,   346.36
  724.06,   601.63,    99.23
  726.82,   603.59,   223.37
  729.96,   606.57,   347.94
  724.22,   727.98,    96.23
  726.73,   729.56,   220.73
  729.63,   731.77,   345.82
  723.12,   852.68,    94.57
  725.74,   855.10,   218.70
  728.34,   855.86,   343.44
  849.29,   602.81,    96.78
  852.21,   605.21,   220.68
  855.29,   607.61,   344.96
  849.97,   729.55,    93.80
  852.21,   731.59,   218.03
  854.41,   733.95,   342.81
  848.90,   854.22,    91.67
  851.13,   856.78,   216.02
  853.27,   857.92,   341.26
  598.13,   598.73,   223.68
  599.16,   599.63,   348.46
  599.88,   600.54,   473.58
  600.81,   723.75,   222.42
  601.91,   725.39,   347.45
  602.80,   726.47,   472.98
  603.72,   849.35,   221.07
  604.56,   849.95,   346.27
  605.67,   850.87,   472.19
  722.66,   595.27,   223.09
  724.06,   597.08,   347.83
  725.24,   598.96,   472.66
  727.16,   721.62,   221.59
  727.65,   722.73,   346.44
  728.99,   723.55,   471.61
  730.19,   846.92,   220.45
  730.96,   846.84,   345.58
  732.06,   846.72,   470.99
  848.10,   592.90,   222.69
  849.31,   594.29,   347.00
  850.31,   595.78,   471.97
  852.49,   719.09,   221.05
  852.63,   720.35,   345.72
  852.95,   721.13,   471.58
  855.56,   844.62,   220.04
  855.53,   844.87,   345.22
  855.93,   845.06,   470.81
  599.32,   599.14,   349.14
  602.01,   597.80,   474.52
  604.46,   596.32,   599.70
  602.21,   724.70,   350.54
  605.36,   723.83,   475.90
  607.96,   722.07,   600.83
  605.40,   849.56,   351.64
  608.44,   848.19,   477.14
  611.16,   846.79,   602.85
  724.23,   596.36,   346.32
  727.63,   595.66,   471.50
  730.44,   594.40,   596.88
  728.12,   721.93,   347.49
  731.22,   720.46,   472.56
  733.98,   718.92,   597.55
  731.83,   845.94,   348.57
  734.81,   844.05,   473.92
  738.03,   842.76,   599.23
  849.21,   593.00,   343.82
  852.29,   592.21,   468.76
  855.05,   591.47,   594.16
  853.06,   719.16,   344.66
  855.33,   717.83,   470.45
  858.03,   716.47,   595.87
  856.23,   843.86,   346.26
  858.39,   841.65,   472.06
  861.49,   840.49,   597.45
  600.67,   599.22,   473.90
  597.08,   599.70,   599.35
  592.78,   600.13,   724.48
  597.26,   725.38,   473.20
  593.83,   725.66,   598.30
  589.56,   725.87,   723.25
  593.72,   850.02,   472.56
  590.65,   850.50,   598.46
  587.28,   850.85,   723.59
  725.75,   603.65,   476.98
  722.53,   604.29,   602.23
  718.95,   604.35,   727.21
  723.18,   728.42,   476.25
  720.07,   728.72,   600.92
  716.00,   729.17,   725.66
  720.28,   851.87,   475.59
  717.50,   852.56,   601.08
  713.81,   854.37,   726.27
  850.66,   606.54,   480.31
  847.42,   607.72,   605.20
  844.38,   607.96,   730.63
  847.26,   731.95,   479.67
  844.34,   732.54,   605.27
  841.60,   733.20,   729.96
  844.50,   855.69,   479.00
  841.64,   856.33,   604.60
  838.21,   858.69,   728.92
  598.89,   597.72,   599.84
  600.02,   599.08,   725.06
  600.83,   601.23,   849.27
  598.07,   723.54,   598.11
  599.25,   724.75,   722.80
  600.54,   726.32,   848.09
  597.52,   848.25,   597.02
  599.27,   849.47,   722.27
  600.70,   851.28,   847.27
  724.70,   599.76,   597.52
  726.26,   600.82,   722.80
  727.01,   601.08,   847.64
  724.71,   724.23,   595.65
  725.76,   725.58,   720.30
  726.36,   726.73,   845.97
  724.32,   848.20,   594.69
  726.06,   850.82,   719.83
  726.05,   852.80,   845.87
  849.63,   600.64,   595.80
  851.30,   601.93,   720.88
  852.86,   602.31,   845.68
  848.79,   725.45,   594.84
  851.34,   727.32,   719.81
  853.43,   727.95,   845.21
  848.34,   849.61,   593.42
  850.12,   852.58,   717.80
  851.01,   854.07,   843.02
