27, 125, pa2-debug-d-output1.txt
  200.87,   195.21,   191.92
  406.67,   390.63,   190.80
  100.91,   100.86,   100.85
   99.78,   101.65,   225.84
   98.64,   102.43,   350.83
  103.81,   225.83,   100.09
  102.67,   226.61,   225.08
  101.54,   227.39,   350.07
  106.70,   350.79,    99.33
  105.56,   351.58,   224.33
  104.43,   352.36,   349.32
  225.88,    97.98,   102.00
  224.74,    98.76,   226.99
  223.61,    99.55,   351.98
  228.77,   222.94,   101.24
  227.63,   223.73,   226.23
  226.50,   224.51,   351.23
  231.66,   347.91,   100.49
  230.52,   348.69,   225.48
  229.39,   349.47,   350.47
  350.84,    95.10,   103.15
  349.70,    95.88,   228.14
  348.57,    96.66,   353.14
  353.73,   220.06,   102.40
  352.59,   220.84,   227.39
  351.46,   221.63,   352.38
  356.62,   345.02,   101.64
  355.48,   345.81,   226.63
  354.35,   346.59,   351.62
   98.67,   101.22,   223.84
   95.07,   103.84,   348.76
   91.47,   106.46,   473.68
  101.49,   226.16,   221.30
   97.89,   228.78,   346.22
   94.29,   231.41,   471.14
  104.32,   351.10,   218.76
  100.72,   353.73,   343.68
   97.12,   356.35,   468.60
  223.58,    98.47,   227.50
  219.98,   101.09,   352.42
  216.38,   103.71,   477.34
  226.41,   223.41,   224.96
  222.81,   226.03,   349.88
  219.21,   228.65,   474.80
  229.24,   348.35,   222.42
  225.64,   350.97,   347.34
  222.04,   353.59,   472.26
  348.50,    95.71,   231.16
  344.90,    98.34,   356.08
  341.30,   100.96,   481.00
  351.33,   220.66,   228.61
  347.73,   223.28,   353.54
  344.13,   225.90,   478.46
  354.15,   345.60,   226.07
  350.55,   348.22,   350.99
  346.95,   350.84,   475.92
   99.90,   100.95,   348.16
   99.22,   103.37,   473.13
   98.53,   105.78,   598.11
  102.68,   225.90,   345.76
  101.99,   228.31,   470.73
  101.31,   230.73,   595.71
  105.45,   350.85,   343.36
  104.77,   353.26,   468.34
  104.08,   355.67,   593.31
  224.87,    98.20,   348.89
  224.19,   100.61,   473.87
  223.50,   103.02,   598.84
  227.64,   223.14,   346.50
  226.96,   225.55,   471.47
  226.28,   227.97,   596.45
  230.42,   348.09,   344.10
  229.73,   350.50,   469.08
  229.05,   352.91,   594.05
  349.84,    95.44,   349.63
  349.15,    97.85,   474.61
  348.47,   100.26,   599.58
  352.61,   220.38,   347.24
  351.93,   222.79,   472.21
  351.24,   225.21,   597.18
  355.39,   345.33,   344.84
  354.70,   347.74,   469.81
  354.02,   350.15,   594.79
   99.44,   101.64,   476.35
  101.34,   101.05,   601.34
  103.25,   100.46,   726.32
  101.59,   226.62,   476.91
  103.50,   226.03,   601.89
  105.41,   225.44,   726.88
  103.75,   351.60,   477.46
  105.66,   351.01,   602.45
  107.56,   350.42,   727.43
  224.40,    99.49,   474.43
  226.31,    98.90,   599.42
  228.22,    98.31,   724.40
  226.56,   224.47,   474.99
  228.47,   223.88,   599.97
  230.37,   223.29,   724.96
  228.72,   349.45,   475.55
  230.62,   348.86,   600.53
  232.53,   348.27,   725.52
  349.37,    97.34,   472.52
  351.28,    96.75,   597.50
  353.18,    96.16,   722.49
  351.53,   222.32,   473.07
  353.43,   221.73,   598.06
  355.34,   221.14,   723.04
  353.68,   347.30,   473.63
  355.59,   346.71,   598.61
  357.50,   346.12,   723.60
  100.11,   100.53,   599.50
   99.21,   102.15,   724.49
   98.32,   103.78,   849.48
   97.42,   225.49,   597.86
   96.52,   227.11,   722.85
   95.62,   228.74,   847.83
   94.72,   350.45,   596.22
   93.83,   352.07,   721.21
   92.93,   353.70,   846.19
  225.07,   103.23,   600.37
  224.18,   104.86,   725.35
  223.28,   106.48,   850.34
  222.38,   228.19,   598.72
  221.49,   229.82,   723.71
  220.59,   231.44,   848.69
  219.69,   353.15,   597.08
  218.80,   354.78,   722.07
  217.90,   356.40,   847.05
  350.04,   105.93,   601.23
  349.15,   107.56,   726.21
  348.25,   109.18,   851.20
  347.35,   230.89,   599.58
  346.46,   232.52,   724.57
  345.56,   234.14,   849.56
  344.66,   355.85,   597.94
  343.76,   357.48,   722.93
  342.87,   359.10,   847.91
  100.92,   225.01,    98.03
  104.30,   224.75,   222.98
  107.68,   224.49,   347.94
  102.49,   350.00,    98.24
  105.88,   349.74,   223.20
  109.26,   349.48,   348.15
  104.07,   474.99,    98.46
  107.45,   474.73,   223.41
  110.84,   474.47,   348.37
  225.86,   223.44,    94.64
  229.24,   223.18,   219.60
  232.62,   222.92,   344.55
  227.44,   348.43,    94.86
  230.82,   348.17,   219.81
  234.20,   347.91,   344.77
  229.02,   473.42,    95.07
  232.40,   473.16,   220.03
  235.78,   472.90,   344.98
  350.81,   221.87,    91.26
  354.19,   221.61,   216.21
  357.57,   221.35,   341.17
  352.38,   346.86,    91.47
  355.76,   346.60,   216.43
  359.15,   346.34,   341.38
  353.96,   471.85,    91.69
  357.34,   471.59,   216.64
  360.72,   471.33,   341.60
   99.61,   223.43,   223.15
  101.30,   224.44,   348.13
  102.99,   225.45,   473.12
  101.60,   348.41,   222.11
  103.29,   349.42,   347.10
  104.98,   350.43,   472.08
  103.60,   473.39,   221.07
  105.29,   474.40,   346.06
  106.97,   475.41,   471.04
  224.58,   221.42,   221.48
  226.27,   222.43,   346.46
  227.96,   223.44,   471.45
  226.58,   346.40,   220.44
  228.27,   347.41,   345.42
  229.95,   348.42,   470.41
  228.57,   471.38,   219.40
  230.26,   472.39,   344.39
  231.95,   473.40,   469.37
  349.56,   219.41,   219.81
  351.24,   220.42,   344.79
  352.93,   221.44,   469.77
  351.55,   344.39,   218.77
  353.24,   345.40,   343.75
  354.93,   346.42,   468.74
  353.54,   469.37,   217.73
  355.23,   470.38,   342.71
  356.92,   471.40,   467.70
   98.06,   226.42,   349.33
  100.15,   226.36,   474.32
  102.25,   226.29,   599.30
  100.10,   351.41,   349.37
  102.19,   351.34,   474.35
  104.29,   351.28,   599.33
  102.14,   476.39,   349.40
  104.24,   476.32,   474.38
  106.33,   476.26,   599.36
  223.02,   224.38,   347.24
  225.12,   224.32,   472.22
  227.22,   224.25,   597.20
  225.06,   349.37,   347.27
  227.16,   349.30,   472.25
  229.26,   349.23,   597.23
  227.11,   474.35,   347.30
  229.20,   474.28,   472.28
  231.30,   474.22,   597.26
  347.99,   222.34,   345.14
  350.08,   222.28,   470.12
  352.18,   222.21,   595.10
  350.03,   347.32,   345.17
  352.13,   347.26,   470.15
  354.22,   347.19,   595.14
  352.07,   472.31,   345.20
  354.17,   472.24,   470.18
  356.26,   472.18,   595.17
  101.95,   223.06,   475.45
   99.24,   220.66,   600.40
   96.52,   218.27,   725.35
  101.13,   348.03,   477.83
   98.42,   345.64,   602.77
   95.70,   343.25,   727.72
  100.31,   473.01,   480.20
   97.59,   470.61,   605.15
   94.88,   468.22,   730.10
  226.92,   223.83,   478.18
  224.20,   221.43,   603.13
  221.49,   219.04,   728.08
  226.10,   348.80,   480.56
  223.38,   346.41,   605.50
  220.67,   344.02,   730.45
  225.28,   473.78,   482.93
  222.56,   471.38,   607.88
  219.85,   468.99,   732.83
  351.89,   224.60,   480.91
  349.17,   222.20,   605.86
  346.46,   219.81,   730.81
  351.07,   349.57,   483.29
  348.35,   347.18,   608.23
  345.64,   344.79,   733.18
  350.24,   474.54,   485.66
  347.53,   472.15,   610.61
  344.81,   469.76,   735.56
  101.64,   224.38,   599.20
  103.15,   226.96,   724.16
  104.67,   229.55,   849.13
   99.38,   349.33,   596.64
  100.90,   351.92,   721.61
  102.42,   354.50,   846.57
   97.13,   474.28,   594.08
   98.64,   476.87,   719.05
  100.16,   479.46,   844.01
  226.61,   226.60,   597.64
  228.12,   229.19,   722.60
  229.64,   231.77,   847.56
  224.35,   351.55,   595.08
  225.87,   354.14,   720.04
  227.39,   356.72,   845.01
  222.10,   476.51,   592.52
  223.61,   479.09,   717.48
  225.13,   481.68,   842.45
  351.58,   228.82,   596.07
  353.10,   231.41,   721.04
  354.61,   233.99,   846.00
  349.32,   353.78,   593.51
  350.84,   356.36,   718.48
  352.36,   358.95,   843.44
  347.07,   478.73,   590.96
  348.59,   481.32,   715.92
  350.10,   483.90,   840.88
   99.49,   350.62,   100.29
   97.49,   353.46,   225.24
   95.49,   356.31,   350.19
   99.79,   475.58,    97.45
   97.80,   478.43,   222.40
   95.80,   481.28,   347.35
  100.10,   600.55,    94.61
   98.11,   603.40,   219.56
   96.11,   606.24,   344.51
  224.47,   350.35,   102.30
  222.47,   353.20,   227.25
  220.47,   356.05,   352.20
  224.78,   475.32,    99.45
  222.78,   478.17,   224.40
  220.78,   481.01,   349.36
  225.09,   600.29,    96.61
  223.09,   603.13,   221.56
  221.09,   605.98,   346.51
  349.45,   350.09,   104.30
  347.45,   352.94,   229.25
  345.46,   355.78,   354.20
  349.76,   475.06,   101.46
  347.76,   477.90,   226.41
  345.77,   480.75,   351.36
  350.07,   600.02,    98.62
  348.07,   602.87,   223.57
  346.08,   605.72,   348.52
   98.93,   350.31,   224.25
   97.46,   346.89,   349.20
   95.99,   343.46,   474.14
   96.22,   475.24,   227.64
   94.75,   471.81,   352.59
   93.28,   468.39,   477.53
   93.50,   600.16,   231.04
   92.03,   596.74,   355.98
   90.56,   593.31,   480.92
  223.89,   352.99,   225.80
  222.42,   349.56,   350.74
  220.95,   346.14,   475.68
  221.18,   477.91,   229.19
  219.71,   474.49,   354.13
  218.24,   471.06,   479.08
  218.46,   602.84,   232.58
  216.99,   599.41,   357.52
  215.52,   595.99,   482.47
  348.85,   355.66,   227.34
  347.39,   352.24,   352.28
  345.92,   348.81,   477.23
  346.14,   480.59,   230.73
  344.67,   477.16,   355.67
  343.20,   473.74,   480.62
  343.42,   605.51,   234.12
  341.95,   602.09,   359.07
  340.49,   598.66,   484.01
  100.33,   350.71,   350.28
  101.49,   347.73,   475.24
  102.64,   344.76,   600.20
  100.38,   475.67,   353.26
  101.53,   472.70,   478.22
  102.68,   469.72,   603.18
  100.42,   600.64,   356.23
  101.57,   597.66,   481.19
  102.72,   594.69,   606.15
  225.33,   350.69,   349.13
  226.48,   347.72,   474.09
  227.63,   344.74,   599.05
  225.37,   475.66,   352.11
  226.52,   472.68,   477.06
  227.68,   469.71,   602.02
  225.41,   600.62,   355.08
  226.57,   597.65,   480.04
  227.72,   594.67,   605.00
  350.32,   350.68,   347.98
  351.47,   347.70,   472.94
  352.63,   344.73,   597.90
  350.36,   475.64,   350.95
  351.52,   472.67,   475.91
  352.67,   469.69,   600.87
  350.41,   600.61,   353.93
  351.56,   597.63,   478.89
  352.71,   594.66,   603.85
  100.33,   349.29,   473.49
  101.76,   349.93,   598.48
  103.20,   350.56,   723.47
  101.30,   474.28,   472.84
  102.74,   474.92,   597.83
  104.18,   475.56,   722.82
  102.28,   599.28,   472.19
  103.71,   599.92,   597.18
  105.15,   600.55,   722.17
  225.31,   348.31,   472.05
  226.75,   348.94,   597.05
  228.19,   349.58,   722.04
  226.29,   473.30,   471.41
  227.73,   473.94,   596.40
  229.16,   474.58,   721.39
  227.27,   598.30,   470.76
  228.70,   598.93,   595.75
  230.14,   599.57,   720.74
  350.30,   347.32,   470.62
  351.74,   347.96,   595.61
  353.18,   348.60,   720.60
  351.28,   472.32,   469.97
  352.71,   472.96,   594.96
  354.15,   473.59,   719.95
  352.25,   597.31,   469.33
  353.69,   597.95,   594.32
  355.13,   598.59,   719.31
   99.07,   350.12,   601.17
   98.87,   348.22,   726.15
   98.68,   346.32,   851.14
   98.05,   475.10,   603.06
   97.85,   473.20,   728.05
   97.66,   471.30,   853.03
   97.03,   600.08,   604.96
   96.84,   598.18,   729.95
   96.64,   596.28,   854.93
  224.06,   351.14,   601.38
  223.87,   349.24,   726.36
  223.67,   347.34,   851.35
  223.05,   476.12,   603.27
  222.85,   474.22,   728.26
  222.65,   472.32,   853.25
  222.03,   601.10,   605.17
  221.83,   599.20,   730.16
  221.64,   597.30,   855.14
  349.06,   352.15,   601.59
  348.86,   350.25,   726.57
  348.67,   348.35,   851.56
  348.04,   477.13,   603.49
  347.85,   475.23,   728.47
  347.65,   473.33,   853.46
  347.02,   602.11,   605.38
  346.83,   600.21,   730.37
  346.63,   598.31,   855.35
  100.73,   473.48,    98.47
  100.39,   476.80,   223.42
  100.06,   480.12,   348.38
   97.24,   598.39,    95.14
   96.90,   601.71,   220.10
   96.56,   605.02,   345.05
   93.74,   723.30,    91.82
   93.40,   726.61,   216.77
   93.06,   729.93,   341.73
  225.68,   476.99,    98.71
  225.34,   480.30,   223.67
  225.01,   483.62,   348.62
  222.19,   601.89,    95.39
  221.85,   605.21,   220.34
  221.51,   608.53,   345.30
  218.69,   726.80,    92.06
  218.35,   730.12,   217.02
  218.01,   733.43,   341.97
  350.63,   480.49,    98.96
  350.30,   483.81,   223.91
  349.96,   487.13,   348.87
  347.14,   605.40,    95.63
  346.80,   608.72,   220.59
  346.46,   612.03,   345.54
  343.64,   730.31,    92.31
  343.30,   733.62,   217.26
  342.96,   736.94,   342.22
   98.58,   475.46,   223.74
  102.15,   477.25,   348.67
  105.72,   479.04,   473.61
   96.41,   600.43,   222.01
   99.98,   602.22,   346.95
  103.55,   604.01,   471.88
   94.24,   725.40,   220.29
   97.81,   727.19,   345.22
  101.38,   728.97,   470.16
  223.51,   477.58,   220.13
  227.08,   479.37,   345.07
  230.65,   481.16,   470.01
  221.34,   602.55,   218.41
  224.91,   604.34,   343.35
  228.48,   606.13,   468.28
  219.17,   727.52,   216.69
  222.74,   729.31,   341.62
  226.31,   731.10,   466.56
  348.44,   479.71,   216.53
  352.01,   481.49,   341.47
  355.58,   483.28,   466.41
  346.27,   604.67,   214.81
  349.84,   606.46,   339.75
  353.41,   608.25,   464.68
  344.10,   729.64,   213.08
  347.67,   731.43,   338.02
  351.24,   733.22,   462.96
  101.28,   474.26,   348.09
  103.05,   477.38,   473.04
  104.82,   480.50,   597.99
   99.84,   599.22,   344.99
  101.61,   602.33,   469.94
  103.38,   605.45,   594.89
   98.40,   724.17,   341.89
  100.17,   727.29,   466.84
  101.94,   730.40,   591.79
  226.26,   475.66,   346.28
  228.03,   478.78,   471.23
  229.80,   481.89,   596.18
  224.82,   600.61,   343.19
  226.59,   603.73,   468.13
  228.36,   606.85,   593.08
  223.38,   725.56,   340.09
  225.15,   728.68,   465.04
  226.92,   731.80,   589.99
  351.24,   477.05,   344.48
  353.01,   480.17,   469.43
  354.78,   483.29,   594.37
  349.80,   602.01,   341.38
  351.57,   605.12,   466.33
  353.34,   608.24,   591.28
  348.36,   726.96,   338.28
  350.13,   730.08,   463.23
  351.90,   733.19,   588.18
  100.02,   473.21,   475.19
  101.52,   471.86,   600.18
  103.03,   470.50,   725.16
  100.32,   598.21,   476.55
  101.83,   596.85,   601.53
  103.34,   595.49,   726.51
  100.62,   723.20,   477.90
  102.13,   721.84,   602.88
  103.64,   720.49,   727.86
  225.01,   472.93,   473.68
  226.52,   471.57,   598.67
  228.02,   470.21,   723.65
  225.31,   597.92,   475.03
  226.82,   596.56,   600.02
  228.33,   595.21,   725.00
  225.62,   722.91,   476.39
  227.12,   721.56,   601.37
  228.63,   720.20,   726.35
  350.00,   472.64,   472.17
  351.51,   471.28,   597.15
  353.01,   469.93,   722.14
  350.30,   597.63,   473.52
  351.81,   596.28,   598.51
  353.32,   594.92,   723.49
  350.61,   722.62,   474.88
  352.11,   721.27,   599.86
  353.62,   719.91,   724.84
  101.56,   474.61,   600.57
  103.33,   475.88,   725.55
  105.09,   477.16,   850.53
   98.81,   599.57,   599.33
  100.57,   600.84,   724.31
  102.34,   602.12,   849.30
   96.05,   724.53,   598.10
   97.82,   725.81,   723.08
   99.58,   727.08,   848.06
  226.52,   477.34,   598.78
  228.28,   478.62,   723.76
  230.05,   479.89,   848.74
  223.76,   602.31,   597.54
  225.53,   603.58,   722.52
  227.30,   604.86,   847.50
  221.01,   727.27,   596.30
  222.78,   728.54,   721.28
  224.54,   729.82,   846.27
  351.48,   480.08,   596.98
  353.24,   481.35,   721.96
  355.01,   482.63,   846.95
  348.72,   605.04,   595.75
  350.49,   606.32,   720.73
  352.25,   607.59,   845.71
  345.97,   730.01,   594.51
  347.73,   731.28,   719.49
  349.50,   732.56,   844.47
  100.36,   600.26,   101.73
  102.39,   600.15,   226.71
  104.41,   600.03,   351.69
   99.46,   725.26,   101.86
  101.48,   725.14,   226.84
  103.51,   725.02,   351.83
   98.56,   850.26,   101.99
  100.58,   850.14,   226.98
  102.61,   850.02,   351.96
  225.34,   601.17,    99.70
  227.37,   601.05,   224.68
  229.39,   600.93,   349.67
  224.44,   726.16,    99.83
  226.46,   726.04,   224.82
  228.49,   725.93,   349.80
  223.54,   851.16,    99.97
  225.56,   851.04,   224.95
  227.59,   850.92,   349.93
  350.32,   602.07,    97.67
  352.35,   601.95,   222.66
  354.37,   601.83,   347.64
  349.42,   727.07,    97.81
  351.44,   726.95,   222.79
  353.47,   726.83,   347.77
  348.52,   852.06,    97.94
  350.54,   851.94,   222.92
  352.57,   851.83,   347.91
  100.33,   598.35,   223.60
   97.51,   601.67,   348.53
   94.68,   604.99,   473.45
   99.78,   723.31,   220.27
   96.95,   726.62,   345.20
   94.13,   729.94,   470.12
   99.22,   848.26,   216.94
   96.40,   851.58,   341.87
   93.57,   854.90,   466.79
  225.30,   598.98,   226.42
  222.47,   602.30,   351.34
  219.65,   605.62,   476.26
  224.75,   723.94,   223.08
  221.92,   727.25,   348.01
  219.09,   730.57,   472.93
  224.19,   848.89,   219.75
  221.36,   852.21,   344.68
  218.54,   855.53,   469.60
  350.27,   599.61,   229.23
  347.44,   602.93,   354.15
  344.62,   606.25,   479.07
  349.71,   724.57,   225.89
  346.89,   727.88,   350.82
  344.06,   731.20,   475.74
  349.16,   849.52,   222.56
  346.33,   852.84,   347.49
  343.51,   856.16,   472.41
   98.50,   599.41,   351.91
   99.30,   602.94,   476.86
  100.10,   606.47,   601.81
   96.78,   724.35,   348.39
   97.58,   727.88,   473.34
   98.38,   731.41,   598.29
   95.06,   849.28,   344.87
   95.86,   852.82,   469.82
   96.66,   856.35,   594.77
  223.49,   601.10,   351.07
  224.28,   604.63,   476.01
  225.08,   608.16,   600.96
  221.77,   726.04,   347.55
  222.57,   729.57,   472.49
  223.36,   733.10,   597.44
  220.05,   850.98,   344.03
  220.85,   854.51,   468.98
  221.65,   858.04,   593.92
  348.47,   602.80,   350.22
  349.27,   606.33,   475.17
  350.07,   609.86,   600.12
  346.75,   727.74,   346.70
  347.55,   731.27,   471.65
  348.35,   734.80,   596.60
  345.04,   852.68,   343.18
  345.83,   856.21,   468.13
  346.63,   859.74,   593.08
   99.98,   601.43,   473.55
  100.67,   598.51,   598.51
  101.35,   595.59,   723.47
   99.32,   726.39,   476.47
  100.01,   723.47,   601.43
  100.70,   720.56,   726.40
   98.67,   851.36,   479.39
   99.36,   848.44,   604.36
  100.05,   845.52,   729.32
  224.97,   602.10,   472.87
  225.66,   599.18,   597.84
  226.35,   596.26,   722.80
  224.32,   727.06,   475.79
  225.01,   724.14,   600.76
  225.70,   721.22,   725.72
  223.67,   852.02,   478.72
  224.36,   849.11,   603.68
  225.05,   846.19,   728.65
  349.97,   602.76,   472.20
  350.66,   599.84,   597.16
  351.35,   596.93,   722.13
  349.32,   727.73,   475.12
  350.01,   724.81,   600.08
  350.70,   721.89,   725.05
  348.67,   852.69,   478.04
  349.36,   849.77,   603.01
  350.05,   846.85,   727.97
  100.06,   601.85,   599.74
  102.43,   601.00,   724.71
  104.81,   600.14,   849.69
   98.91,   726.84,   600.62
  101.29,   725.99,   725.59
  103.66,   725.13,   850.56
   97.77,   851.84,   601.49
  100.14,   850.98,   726.47
  102.52,   850.12,   851.44
  225.03,   603.01,   597.37
  227.40,   602.16,   722.34
  229.78,   601.30,   847.32
  223.88,   728.01,   598.25
  226.26,   727.15,   723.22
  228.63,   726.29,   848.20
  222.74,   853.00,   599.13
  225.11,   852.14,   724.10
  227.49,   851.29,   849.07
  350.00,   604.18,   595.00
  352.38,   603.32,   719.98
  354.75,   602.46,   844.95
  348.86,   729.17,   595.88
  351.23,   728.31,   720.85
  353.61,   727.46,   845.83
  347.71,   854.16,   596.76
  350.09,   853.30,   721.73
  352.46,   852.45,   846.71
  223.48,   101.08,    98.93
  221.12,   103.57,   223.88
  218.75,   106.07,   348.84
  226.64,   226.02,    96.50
  224.28,   228.51,   221.45
  221.91,   231.01,   346.40
  229.81,   350.95,    94.06
  227.44,   353.45,   219.02
  225.07,   355.94,   343.97
  348.42,    97.97,   101.36
  346.06,   100.46,   226.31
  343.69,   102.96,   351.26
  351.58,   222.90,    98.93
  349.22,   225.40,   223.88
  346.85,   227.89,   348.83
  354.74,   347.84,    96.49
  352.38,   350.33,   221.44
  350.01,   352.83,   346.40
  473.36,    94.85,   103.79
  470.99,    97.35,   228.74
  468.63,    99.84,   353.69
  476.52,   219.79,   101.35
  474.15,   222.28,   226.31
  471.79,   224.78,   351.26
  479.68,   344.73,    98.92
  477.32,   347.22,   223.87
  474.95,   349.72,   348.82
  223.61,   100.81,   225.75
  221.42,   103.08,   350.71
  219.22,   105.35,   475.67
  221.74,   225.77,   223.45
  219.54,   228.04,   348.41
  217.35,   230.31,   473.37
  219.87,   350.74,   221.15
  217.67,   353.01,   346.11
  215.48,   355.28,   471.07
  348.58,   102.72,   227.91
  346.38,   104.99,   352.87
  344.19,   107.26,   477.83
  346.70,   227.68,   225.61
  344.51,   229.95,   350.57
  342.32,   232.22,   475.53
  344.83,   352.65,   223.31
  342.64,   354.92,   348.27
  340.45,   357.19,   473.23
  473.54,   104.63,   230.07
  471.35,   106.90,   355.03
  469.16,   109.17,   479.99
  471.67,   229.60,   227.77
  469.48,   231.87,   352.73
  467.29,   234.14,   477.69
  469.80,   354.56,   225.46
  467.61,   356.83,   350.42
  465.41,   359.10,   475.38
  223.33,    99.18,   349.71
  223.72,   102.23,   474.67
  224.12,   105.27,   599.63
  223.90,   224.14,   346.66
  224.30,   227.19,   471.63
  224.69,   230.23,   596.59
  224.48,   349.11,   343.62
  224.87,   352.15,   468.58
  225.26,   355.19,   593.54
  348.33,    98.60,   349.33
  348.72,   101.64,   474.29
  349.11,   104.68,   599.25
  348.90,   223.56,   346.29
  349.29,   226.60,   471.25
  349.69,   229.65,   596.21
  349.48,   348.52,   343.24
  349.87,   351.56,   468.20
  350.26,   354.61,   593.17
  473.33,    98.02,   348.95
  473.72,   101.06,   473.91
  474.11,   104.10,   598.88
  473.90,   222.98,   345.91
  474.29,   226.02,   470.87
  474.69,   229.06,   595.83
  474.47,   347.94,   342.86
  474.87,   350.98,   467.82
  475.26,   354.02,   592.79
  223.53,    98.69,   475.87
  221.23,   101.83,   600.81
  218.94,   104.96,   725.75
  220.65,   223.62,   472.68
  218.35,   226.75,   597.62
  216.05,   229.89,   722.56
  217.76,   348.54,   469.49
  215.46,   351.68,   594.43
  213.17,   354.82,   719.37
  348.48,   101.63,   478.09
  346.18,   104.77,   603.03
  343.88,   107.91,   727.97
  345.59,   226.56,   474.91
  343.30,   229.69,   599.85
  341.00,   232.83,   724.78
  342.71,   351.48,   471.72
  340.41,   354.62,   596.66
  338.11,   357.76,   721.60
  473.43,   104.57,   480.32
  471.13,   107.71,   605.26
  468.83,   110.85,   730.20
  470.54,   229.50,   477.13
  468.24,   232.64,   602.07
  465.94,   235.77,   727.01
  467.66,   354.43,   473.94
  465.36,   357.56,   598.88
  463.06,   360.70,   723.82
  225.45,    99.78,   600.52
  226.86,   103.42,   725.46
  228.26,   107.07,   850.40
  225.52,   224.72,   596.87
  226.92,   228.37,   721.81
  228.33,   232.02,   846.75
  225.59,   349.67,   593.22
  226.99,   353.32,   718.16
  228.40,   356.97,   843.10
  350.44,    99.67,   599.12
  351.85,   103.31,   724.06
  353.25,   106.96,   849.00
  350.51,   224.61,   595.47
  351.92,   228.26,   720.41
  353.32,   231.91,   845.35
  350.58,   349.56,   591.82
  351.98,   353.21,   716.76
  353.39,   356.86,   841.70
  475.44,    99.56,   597.72
  476.84,   103.21,   722.65
  478.24,   106.85,   847.59
  475.50,   224.50,   594.07
  476.91,   228.15,   719.00
  478.31,   231.80,   843.94
  475.57,   349.45,   590.42
  476.98,   353.10,   715.35
  478.38,   356.75,   840.29
  226.05,   226.62,    99.92
  226.98,   225.89,   224.92
  227.91,   225.16,   349.91
  229.42,   351.57,   100.63
  230.35,   350.84,   225.62
  231.28,   350.11,   350.62
  232.79,   476.52,   101.33
  233.73,   475.79,   226.33
  234.66,   475.06,   351.32
  351.00,   223.25,    98.97
  351.93,   222.52,   223.97
  352.86,   221.79,   348.96
  354.37,   348.20,    99.68
  355.30,   347.47,   224.67
  356.23,   346.74,   349.67
  357.75,   473.16,   100.38
  358.68,   472.43,   225.38
  359.61,   471.70,   350.37
  475.95,   219.88,    98.02
  476.88,   219.15,   223.02
  477.81,   218.42,   348.01
  479.32,   344.84,    98.73
  480.25,   344.11,   223.72
  481.19,   343.38,   348.72
  482.70,   469.79,    99.43
  483.63,   469.06,   224.43
  484.56,   468.33,   349.42
  223.30,   223.11,   224.96
  221.32,   220.65,   349.92
  219.34,   218.19,   474.88
  220.59,   348.06,   227.37
  218.61,   345.60,   352.33
  216.63,   343.14,   477.29
  217.88,   473.01,   229.79
  215.90,   470.55,   354.75
  213.92,   468.09,   479.71
  348.26,   225.79,   226.99
  346.28,   223.32,   351.95
  344.30,   220.86,   476.91
  345.55,   350.73,   229.41
  343.57,   348.27,   354.37
  341.59,   345.81,   479.33
  342.84,   475.68,   231.82
  340.86,   473.22,   356.78
  338.88,   470.76,   481.74
  473.21,   228.46,   229.02
  471.23,   226.00,   353.98
  469.25,   223.54,   478.94
  470.50,   353.40,   231.44
  468.52,   350.94,   356.40
  466.54,   348.48,   481.36
  467.79,   478.35,   233.86
  465.81,   475.89,   358.82
  463.83,   473.43,   483.78
  224.01,   225.92,   349.97
  225.31,   224.64,   474.95
  226.61,   223.36,   599.94
  222.83,   350.91,   351.26
  224.13,   349.63,   476.25
  225.43,   348.35,   601.23
  221.66,   475.90,   352.55
  222.95,   474.62,   477.54
  224.25,   473.33,   602.53
  349.00,   227.11,   348.68
  350.30,   225.83,   473.67
  351.60,   224.55,   598.65
  347.82,   352.10,   349.97
  349.12,   350.82,   474.96
  350.42,   349.54,   599.95
  346.64,   477.09,   351.27
  347.94,   475.81,   476.26
  349.24,   474.53,   601.24
  473.99,   228.30,   347.40
  475.28,   227.02,   472.38
  476.58,   225.74,   597.37
  472.81,   353.29,   348.69
  474.11,   352.01,   473.68
  475.41,   350.73,   598.66
  471.63,   478.28,   349.98
  472.93,   477.00,   474.97
  474.23,   475.72,   599.96
  225.34,   224.40,   473.57
  225.21,   224.92,   598.57
  225.08,   225.43,   723.57
  227.06,   349.39,   473.06
  226.93,   349.90,   598.06
  226.80,   350.42,   723.05
  228.77,   474.38,   472.54
  228.64,   474.89,   597.54
  228.51,   475.41,   722.54
  350.33,   222.69,   473.71
  350.20,   223.20,   598.71
  350.07,   223.72,   723.70
  352.04,   347.68,   473.19
  351.91,   348.19,   598.19
  351.78,   348.71,   723.19
  353.76,   472.66,   472.68
  353.63,   473.18,   597.68
  353.50,   473.69,   722.68
  475.32,   220.98,   473.84
  475.19,   221.49,   598.84
  475.06,   222.01,   723.84
  477.03,   345.96,   473.33
  476.90,   346.48,   598.33
  476.77,   346.99,   723.33
  478.75,   470.95,   472.82
  478.62,   471.47,   597.82
  478.48,   471.98,   722.82
  223.92,   223.03,   601.84
  227.00,   223.97,   726.80
  230.07,   224.90,   851.76
  222.63,   348.02,   600.94
  225.71,   348.96,   725.89
  228.78,   349.89,   850.85
  221.34,   473.01,   600.03
  224.42,   473.95,   724.99
  227.49,   474.88,   849.95
  348.88,   224.30,   598.76
  351.95,   225.23,   723.71
  355.03,   226.17,   848.67
  347.59,   349.29,   597.85
  350.66,   350.22,   722.81
  353.74,   351.16,   847.77
  346.30,   474.28,   596.95
  349.37,   475.21,   721.91
  352.45,   476.15,   846.87
  473.83,   225.57,   595.67
  476.91,   226.50,   720.63
  479.98,   227.43,   845.59
  472.54,   350.56,   594.77
  475.62,   351.49,   719.73
  478.69,   352.42,   844.69
  471.25,   475.55,   593.87
  474.33,   476.48,   718.83
  477.40,   477.41,   843.78
  224.68,   348.34,   100.35
  221.53,   347.02,   225.30
  218.38,   345.71,   350.26
  225.23,   473.33,   101.68
  222.08,   472.02,   226.63
  218.93,   470.70,   351.59
  225.79,   598.32,   103.01
  222.63,   597.01,   227.96
  219.48,   595.69,   352.91
  349.64,   347.75,   103.50
  346.49,   346.44,   228.45
  343.33,   345.13,   353.41
  350.19,   472.74,   104.83
  347.04,   471.43,   229.78
  343.89,   470.12,   354.73
  350.75,   597.74,   106.15
  347.59,   596.42,   231.11
  344.44,   595.11,   356.06
  474.60,   347.17,   106.65
  471.45,   345.85,   231.60
  468.29,   344.54,   356.55
  475.15,   472.16,   107.97
  472.00,   470.85,   232.93
  468.85,   469.53,   357.88
  475.70,   597.15,   109.30
  472.55,   595.84,   234.25
  469.40,   594.52,   359.21
  226.97,   351.10,   226.21
  227.61,   352.86,   351.20
  228.24,   354.63,   476.18
  227.36,   476.08,   224.44
  228.00,   477.85,   349.43
  228.64,   479.62,   474.41
  227.76,   601.07,   222.67
  228.40,   602.84,   347.66
  229.03,   604.61,   472.64
  351.97,   350.69,   225.58
  352.60,   352.46,   350.57
  353.24,   354.23,   475.55
  352.36,   475.68,   223.81
  353.00,   477.45,   348.80
  353.64,   479.22,   473.78
  352.75,   600.67,   222.04
  353.39,   602.43,   347.03
  354.03,   604.20,   472.01
  476.96,   350.29,   224.95
  477.60,   352.06,   349.93
  478.24,   353.83,   474.92
  477.36,   475.28,   223.18
  478.00,   477.04,   348.16
  478.63,   478.81,   473.15
  477.75,   600.26,   221.41
  478.39,   602.03,   346.39
  479.03,   603.80,   471.38
  223.82,   351.14,   349.33
  227.34,   352.51,   474.27
  230.85,   353.88,   599.21
  226.84,   476.10,   347.87
  230.36,   477.47,   472.81
  233.87,   478.84,   597.75
  229.86,   601.05,   346.41
  233.38,   602.42,   471.35
  236.90,   603.79,   596.30
  348.73,   348.08,   345.84
  352.25,   349.45,   470.79
  355.77,   350.82,   595.73
  351.75,   473.03,   344.39
  355.27,   474.41,   469.33
  358.79,   475.78,   594.27
  354.78,   597.99,   342.93
  358.29,   599.36,   467.87
  361.81,   600.73,   592.82
  473.65,   345.02,   342.36
  477.16,   346.39,   467.30
  480.68,   347.76,   592.25
  476.67,   469.97,   340.90
  480.19,   471.34,   465.85
  483.70,   472.72,   590.79
  479.69,   594.93,   339.45
  483.21,   596.30,   464.39
  486.72,   597.67,   589.33
  223.51,   349.76,   473.44
  221.41,   349.26,   598.42
  219.31,   348.77,   723.41
  226.00,   474.73,   473.98
  223.90,   474.24,   598.96
  221.80,   473.74,   723.94
  228.49,   599.71,   474.52
  226.39,   599.21,   599.50
  224.29,   598.72,   724.48
  348.47,   347.26,   475.53
  346.37,   346.76,   600.52
  344.27,   346.27,   725.50
  350.96,   472.23,   476.07
  348.86,   471.74,   601.05
  346.76,   471.24,   726.03
  353.45,   597.21,   476.61
  351.35,   596.71,   601.59
  349.25,   596.22,   726.57
  473.43,   344.76,   477.62
  471.32,   344.26,   602.61
  469.22,   343.77,   727.59
  475.92,   469.73,   478.16
  473.82,   469.24,   603.14
  471.71,   468.74,   728.12
  478.41,   594.71,   478.70
  476.31,   594.21,   603.68
  474.21,   593.72,   728.66
  223.67,   351.46,   599.20
  224.58,   353.06,   724.18
  225.49,   354.67,   849.17
  221.23,   476.42,   597.61
  222.14,   478.03,   722.59
  223.05,   479.64,   847.58
  218.79,   601.39,   596.02
  219.69,   603.00,   721.00
  220.60,   604.61,   845.99
  348.65,   353.89,   598.26
  349.56,   355.50,   723.24
  350.46,   357.11,   848.23
  346.20,   478.85,   596.67
  347.11,   480.46,   721.65
  348.02,   482.07,   846.64
  343.76,   603.82,   595.07
  344.67,   605.43,   720.06
  345.58,   607.04,   845.05
  473.62,   356.32,   597.32
  474.53,   357.93,   722.30
  475.44,   359.54,   847.29
  471.18,   481.29,   595.73
  472.08,   482.89,   720.71
  472.99,   484.50,   845.70
  468.73,   606.25,   594.13
  469.64,   607.86,   719.12
  470.55,   609.47,   844.11
  224.48,   474.63,    98.99
  226.61,   477.57,   223.93
  228.74,   480.51,   348.88
  222.33,   599.58,    96.08
  224.45,   602.51,   221.03
  226.58,   605.45,   345.98
  220.17,   724.52,    93.18
  222.30,   727.46,   218.13
  224.43,   730.40,   343.08
  349.44,   476.73,    96.81
  351.57,   479.67,   221.76
  353.70,   482.61,   346.70
  347.29,   601.68,    93.91
  349.42,   604.62,   218.85
  351.55,   607.56,   343.80
  345.14,   726.63,    91.00
  347.26,   729.57,   215.95
  349.39,   732.51,   340.90
  474.41,   478.84,    94.63
  476.54,   481.78,   219.58
  478.66,   484.71,   344.52
  472.25,   603.78,    91.73
  474.38,   606.72,   216.67
  476.51,   609.66,   341.62
  470.10,   728.73,    88.82
  472.23,   731.67,   213.77
  474.36,   734.61,   338.72
  226.15,   473.89,   224.48
  224.98,   474.20,   349.47
  223.80,   474.52,   474.46
  223.73,   598.86,   224.13
  222.56,   599.18,   349.13
  221.38,   599.50,   474.12
  221.32,   723.84,   223.79
  220.14,   724.16,   348.79
  218.96,   724.47,   473.78
  351.12,   476.31,   225.65
  349.95,   476.62,   350.64
  348.77,   476.94,   475.63
  348.71,   601.28,   225.30
  347.53,   601.60,   350.30
  346.35,   601.92,   475.29
  346.29,   726.26,   224.96
  345.11,   726.58,   349.96
  343.93,   726.90,   474.95
  476.09,   478.73,   226.82
  474.92,   479.05,   351.81
  473.74,   479.36,   476.80
  473.68,   603.70,   226.48
  472.50,   604.02,   351.47
  471.32,   604.34,   476.46
  471.26,   728.68,   226.13
  470.08,   729.00,   351.13
  468.91,   729.32,   476.12
  226.28,   476.56,   351.77
  223.52,   473.91,   476.71
  220.75,   471.26,   601.65
  228.98,   601.50,   354.48
  226.22,   598.85,   479.42
  223.45,   596.20,   604.36
  231.68,   726.44,   357.19
  228.92,   723.79,   482.13
  226.15,   721.14,   607.07
  351.22,   473.80,   354.48
  348.46,   471.15,   479.42
  345.69,   468.50,   604.36
  353.92,   598.74,   357.19
  351.16,   596.09,   482.13
  348.39,   593.44,   607.07
  356.62,   723.69,   359.90
  353.86,   721.03,   484.84
  351.09,   718.38,   609.78
  476.16,   471.04,   357.18
  473.40,   468.39,   482.13
  470.63,   465.74,   607.07
  478.86,   595.98,   359.90
  476.10,   593.33,   484.84
  473.33,   590.68,   609.78
  481.56,   720.93,   362.61
  478.80,   718.27,   487.55
  476.03,   715.62,   612.49
  224.48,   476.09,   475.39
  221.70,   473.40,   600.33
  218.92,   470.71,   725.27
  221.42,   601.03,   478.01
  218.64,   598.33,   602.95
  215.86,   595.64,   727.89
  218.36,   725.96,   480.64
  215.58,   723.27,   605.58
  212.80,   720.58,   730.52
  349.41,   479.09,   478.23
  346.63,   476.40,   603.17
  343.85,   473.71,   728.11
  346.35,   604.03,   480.86
  343.57,   601.34,   605.80
  340.79,   598.64,   730.74
  343.29,   728.96,   483.48
  340.51,   726.27,   608.42
  337.73,   723.58,   733.36
  474.34,   482.09,   481.08
  471.56,   479.40,   606.02
  468.78,   476.71,   730.96
  471.28,   607.03,   483.70
  468.50,   604.34,   608.64
  465.72,   601.64,   733.58
  468.22,   731.96,   486.33
  465.44,   729.27,   611.27
  462.66,   726.58,   736.21
  223.96,   473.18,   599.26
  225.31,   474.82,   724.25
  226.65,   476.45,   849.23
  225.82,   598.16,   597.61
  227.16,   599.79,   722.59
  228.51,   601.42,   847.58
  227.68,   723.13,   595.96
  229.02,   724.77,   720.94
  230.36,   726.40,   845.92
  348.94,   471.31,   597.95
  350.29,   472.94,   722.93
  351.63,   474.58,   847.91
  350.80,   596.28,   596.29
  352.14,   597.92,   721.28
  353.48,   599.55,   846.26
  352.66,   721.26,   594.64
  354.00,   722.89,   719.62
  355.34,   724.53,   844.60
  473.92,   469.43,   596.63
  475.26,   471.07,   721.61
  476.61,   472.70,   846.59
  475.78,   594.41,   594.98
  477.12,   596.04,   719.96
  478.46,   597.68,   844.94
  477.64,   719.39,   593.32
  478.98,   721.02,   718.30
  480.32,   722.65,   843.29
  226.29,   601.48,   101.46
  227.13,   599.39,   226.44
  227.98,   597.30,   351.42
  229.70,   726.42,   103.52
  230.54,   724.33,   228.50
  231.39,   722.23,   353.48
  233.11,   851.35,   105.59
  233.95,   849.26,   230.57
  234.80,   847.17,   355.55
  351.24,   598.08,   100.56
  352.08,   595.99,   225.53
  352.93,   593.90,   350.51
  354.65,   723.02,   102.62
  355.49,   720.93,   227.60
  356.34,   718.84,   352.58
  358.06,   847.96,   104.69
  358.90,   845.87,   229.67
  359.75,   843.77,   354.65
  476.19,   594.69,    99.65
  477.03,   592.60,   224.63
  477.88,   590.51,   349.61
  479.60,   719.63,   101.72
  480.44,   717.53,   226.70
  481.29,   715.44,   351.68
  483.01,   844.56,   103.79
  483.85,   842.47,   228.77
  484.70,   840.38,   353.75
  226.40,   599.90,   223.62
  227.93,   598.60,   348.61
  229.45,   597.29,   473.59
  228.54,   724.88,   224.90
  230.07,   723.57,   349.89
  231.59,   722.27,   474.87
  230.68,   849.85,   226.18
  232.20,   848.55,   351.17
  233.73,   847.24,   476.15
  351.38,   597.78,   222.08
  352.90,   596.48,   347.06
  354.43,   595.17,   472.04
  353.51,   722.76,   223.36
  355.04,   721.45,   348.34
  356.56,   720.15,   473.32
  355.65,   847.73,   224.63
  357.17,   846.43,   349.62
  358.70,   845.12,   474.60
  476.35,   595.66,   220.53
  477.87,   594.36,   345.51
  479.40,   593.05,   470.50
  478.48,   720.64,   221.81
  480.01,   719.33,   346.79
  481.54,   718.03,   471.78
  480.62,   845.61,   223.09
  482.15,   844.31,   348.07
  483.67,   843.00,   473.06
  225.96,   601.03,   349.26
  229.49,   603.79,   474.18
  233.01,   606.54,   599.10
  222.89,   725.97,   346.59
  226.42,   728.72,   471.51
  229.94,   731.48,   596.43
  219.83,   850.90,   343.92
  223.35,   853.65,   468.84
  226.87,   856.41,   593.76
  350.87,   604.02,   345.67
  354.40,   606.78,   470.59
  357.92,   609.53,   595.51
  347.81,   728.96,   343.00
  351.33,   731.71,   467.92
  354.85,   734.47,   592.84
  344.74,   853.89,   340.33
  348.26,   856.64,   465.25
  351.79,   859.40,   590.17
  475.79,   607.01,   342.08
  479.31,   609.77,   467.00
  482.84,   612.52,   591.92
  472.72,   731.95,   339.41
  476.24,   734.70,   464.33
  479.77,   737.46,   589.25
  469.65,   856.88,   336.74
  473.18,   859.64,   461.66
  476.70,   862.39,   586.58
  223.23,   598.57,   474.35
  220.32,   596.03,   599.29
  217.42,   593.48,   724.23
  226.00,   723.51,   476.96
  223.09,   720.97,   601.90
  220.18,   718.43,   726.84
  228.76,   848.46,   479.57
  225.86,   845.91,   604.51
  222.95,   843.37,   729.45
  348.16,   595.75,   477.20
  345.26,   593.20,   602.14
  342.35,   590.66,   727.08
  350.93,   720.69,   479.81
  348.03,   718.14,   604.75
  345.12,   715.60,   729.69
  353.70,   845.63,   482.42
  350.79,   843.09,   607.36
  347.89,   840.54,   732.30
  473.10,   592.92,   480.05
  470.19,   590.38,   604.99
  467.29,   587.83,   729.93
  475.87,   717.86,   482.66
  472.96,   715.32,   607.60
  470.06,   712.77,   732.54
  478.63,   842.80,   485.26
  475.73,   840.26,   610.20
  472.82,   837.72,   735.14
  224.71,   599.35,   600.04
  224.52,   601.29,   725.03
  224.34,   603.22,   850.01
  222.49,   724.32,   598.11
  222.30,   726.25,   723.09
  222.12,   728.19,   848.08
  220.27,   849.28,   596.17
  220.09,   851.22,   721.15
  219.90,   853.15,   846.14
  349.69,   601.57,   600.19
  349.50,   603.51,   725.18
  349.32,   605.44,   850.16
  347.47,   726.54,   598.25
  347.28,   728.47,   723.24
  347.10,   730.41,   848.22
  345.25,   851.50,   596.32
  345.07,   853.44,   721.30
  344.88,   855.37,   846.28
  474.67,   603.79,   600.34
  474.48,   605.73,   725.33
  474.30,   607.67,   850.31
  472.45,   728.76,   598.40
  472.26,   730.69,   723.39
  472.08,   732.63,   848.37
  470.23,   853.72,   596.46
  470.05,   855.66,   721.45
  469.86,   857.60,   846.43
  349.94,    99.56,   100.89
  347.84,   100.41,   225.87
  345.74,   101.26,   350.85
  348.70,   224.55,   100.02
  346.60,   225.40,   225.00
  344.50,   226.25,   349.98
  347.47,   349.54,    99.15
  345.37,   350.39,   224.13
  343.27,   351.24,   349.11
  474.91,   100.81,   102.99
  472.81,   101.66,   227.97
  470.71,   102.51,   352.94
  473.68,   225.80,   102.12
  471.58,   226.65,   227.10
  469.48,   227.50,   352.07
  472.44,   350.79,   101.25
  470.34,   351.64,   226.23
  468.24,   352.49,   351.20
  599.89,   102.06,   105.08
  597.79,   102.91,   230.06
  595.69,   103.76,   355.04
  598.65,   227.05,   104.21
  596.55,   227.90,   229.19
  594.45,   228.75,   354.17
  597.42,   352.04,   103.34
  595.32,   352.89,   228.32
  593.22,   353.74,   353.30
  351.41,   100.38,   223.78
  351.77,   100.44,   348.78
  352.13,   100.50,   473.78
  351.04,   225.38,   223.72
  351.40,   225.44,   348.72
  351.76,   225.50,   473.72
  350.66,   350.38,   223.66
  351.02,   350.44,   348.66
  351.38,   350.50,   473.66
  476.41,   100.75,   223.42
  476.77,   100.81,   348.42
  477.13,   100.88,   473.42
  476.04,   225.75,   223.36
  476.39,   225.81,   348.36
  476.75,   225.88,   473.36
  475.66,   350.75,   223.30
  476.02,   350.81,   348.30
  476.38,   350.88,   473.30
  601.41,   101.12,   223.06
  601.77,   101.19,   348.06
  602.13,   101.25,   473.06
  601.03,   226.12,   223.00
  601.39,   226.19,   348.00
  601.75,   226.25,   473.00
  600.66,   351.12,   222.94
  601.02,   351.19,   347.94
  601.38,   351.25,   472.94
  348.85,   100.99,   350.24
  347.93,   101.75,   475.23
  347.00,   102.52,   600.22
  352.41,   225.93,   349.49
  351.48,   226.70,   474.49
  350.56,   227.47,   599.48
  355.96,   350.88,   348.75
  355.04,   351.65,   473.75
  354.11,   352.42,   598.74
  473.80,    97.44,   351.18
  472.87,    98.20,   476.18
  471.95,    98.97,   601.17
  477.35,   222.38,   350.44
  476.43,   223.15,   475.44
  475.50,   223.92,   600.43
  480.91,   347.33,   349.70
  479.98,   348.10,   474.69
  479.06,   348.87,   599.69
  598.74,    93.89,   352.13
  597.82,    94.65,   477.12
  596.89,    95.42,   602.12
  602.30,   218.83,   351.39
  601.37,   219.60,   476.38
  600.45,   220.37,   601.38
  605.85,   343.78,   350.65
  604.93,   344.55,   475.64
  604.00,   345.32,   600.64
  350.85,   101.91,   474.97
  353.33,   102.37,   599.95
  355.80,   102.82,   724.92
  352.61,   226.90,   474.48
  355.09,   227.35,   599.46
  357.56,   227.81,   724.43
  354.37,   351.89,   474.00
  356.84,   352.34,   598.97
  359.32,   352.79,   723.95
  475.82,   100.15,   472.50
  478.29,   100.60,   597.48
  480.76,   101.05,   722.45
  477.57,   225.13,   472.02
  480.05,   225.59,   596.99
  482.52,   226.04,   721.97
  479.33,   350.12,   471.53
  481.81,   350.57,   596.50
  484.28,   351.02,   721.48
  600.78,    98.38,   470.04
  603.25,    98.83,   595.01
  605.73,    99.28,   719.98
  602.54,   223.37,   469.55
  605.01,   223.82,   594.52
  607.49,   224.27,   719.50
  604.30,   348.35,   469.06
  606.77,   348.80,   594.04
  609.24,   349.26,   719.01
  349.09,    99.44,   599.29
  348.54,   101.49,   724.27
  347.98,   103.53,   849.25
  352.78,   224.37,   597.26
  352.23,   226.42,   722.24
  351.68,   228.46,   847.22
  356.47,   349.30,   595.23
  355.92,   351.34,   720.21
  355.37,   353.39,   845.20
  474.03,    95.76,   599.90
  473.48,    97.80,   724.88
  472.93,    99.85,   849.86
  477.72,   220.68,   597.87
  477.17,   222.73,   722.85
  476.62,   224.78,   847.84
  481.42,   345.61,   595.84
  480.87,   347.66,   720.83
  480.32,   349.71,   845.81
  598.97,    92.07,   600.51
  598.42,    94.12,   725.49
  597.87,    96.16,   850.48
  602.67,   217.00,   598.48
  602.12,   219.05,   723.47
  601.57,   221.09,   848.45
  606.36,   341.93,   596.45
  605.81,   343.97,   721.44
  605.26,   346.02,   846.42
  350.37,   224.25,   101.39
  348.22,   222.78,   226.36
  346.06,   221.32,   351.33
  348.09,   349.22,   102.81
  345.93,   347.75,   227.79
  343.78,   346.29,   352.76
  345.80,   474.19,   104.24
  343.64,   472.72,   229.21
  341.49,   471.26,   354.18
  475.33,   226.51,   103.57
  473.18,   225.05,   228.54
  471.03,   223.58,   353.51
  473.05,   351.48,   104.99
  470.89,   350.02,   229.97
  468.74,   348.55,   354.94
  470.76,   476.45,   106.42
  468.60,   474.99,   231.39
  466.45,   473.52,   356.36
  600.29,   228.77,   105.75
  598.14,   227.31,   230.72
  595.99,   225.84,   355.69
  598.01,   353.74,   107.17
  595.85,   352.28,   232.15
  593.70,   350.81,   357.12
  595.72,   478.71,   108.60
  593.56,   477.25,   233.57
  591.41,   475.79,   358.54
  348.14,   223.15,   225.37
  347.08,   223.51,   350.36
  346.03,   223.86,   475.36
  344.45,   348.09,   224.98
  343.39,   348.45,   349.97
  342.33,   348.81,   474.97
  340.76,   473.04,   224.59
  339.70,   473.39,   349.58
  338.64,   473.75,   474.58
  473.08,   226.84,   226.41
  472.02,   227.20,   351.41
  470.97,   227.56,   476.40
  469.39,   351.79,   226.03
  468.33,   352.15,   351.02
  467.27,   352.50,   476.02
  465.70,   476.73,   225.64
  464.64,   477.09,   350.63
  463.58,   477.45,   475.63
  598.02,   230.54,   227.46
  596.97,   230.90,   352.46
  595.91,   231.25,   477.45
  594.33,   355.48,   227.07
  593.27,   355.84,   352.07
  592.22,   356.20,   477.06
  590.64,   480.43,   226.68
  589.58,   480.79,   351.68
  588.52,   481.14,   476.67
  348.24,   225.00,   351.61
  345.35,   226.34,   476.57
  342.46,   227.67,   601.53
  344.88,   349.95,   350.20
  341.99,   351.28,   475.16
  339.10,   352.61,   600.12
  341.52,   474.90,   348.79
  338.63,   476.23,   473.75
  335.74,   477.56,   598.71
  473.16,   228.40,   354.47
  470.27,   229.73,   479.43
  467.38,   231.06,   604.39
  469.80,   353.34,   353.06
  466.91,   354.67,   478.02
  464.02,   356.01,   602.98
  466.44,   478.29,   351.65
  463.55,   479.62,   476.61
  460.66,   480.95,   601.57
  598.09,   231.79,   357.32
  595.19,   233.12,   482.28
  592.30,   234.45,   607.24
  594.73,   356.73,   355.91
  591.83,   358.07,   480.87
  588.94,   359.40,   605.83
  591.37,   481.68,   354.50
  588.47,   483.01,   479.46
  585.58,   484.34,   604.42
  350.17,   224.59,   475.46
  350.51,   227.20,   600.44
  350.86,   229.81,   725.41
  350.89,   349.56,   472.85
  351.23,   352.17,   597.83
  351.57,   354.78,   722.80
  351.60,   474.54,   470.24
  351.94,   477.14,   595.21
  352.28,   479.75,   720.19
  475.17,   223.88,   475.14
  475.51,   226.48,   600.11
  475.85,   229.09,   725.08
  475.88,   348.85,   472.53
  476.22,   351.45,   597.50
  476.57,   354.06,   722.47
  476.59,   473.82,   469.92
  476.94,   476.43,   594.89
  477.28,   479.03,   719.86
  600.17,   223.16,   474.81
  600.51,   225.76,   599.78
  600.85,   228.37,   724.75
  600.88,   348.13,   472.20
  601.22,   350.74,   597.17
  601.56,   353.34,   722.14
  601.59,   473.10,   469.59
  601.93,   475.71,   594.56
  602.28,   478.32,   719.53
  351.18,   226.27,   598.47
  352.75,   226.36,   723.46
  354.31,   226.45,   848.45
  348.83,   351.25,   598.40
  350.40,   351.34,   723.39
  351.96,   351.43,   848.38
  346.48,   476.23,   598.34
  348.05,   476.32,   723.33
  349.61,   476.41,   848.32
  476.15,   228.62,   596.90
  477.72,   228.71,   721.89
  479.28,   228.80,   846.88
  473.80,   353.60,   596.84
  475.37,   353.69,   721.83
  476.93,   353.78,   846.82
  471.45,   478.57,   596.78
  473.02,   478.67,   721.77
  474.58,   478.76,   846.76
  601.12,   230.97,   595.33
  602.68,   231.06,   720.32
  604.25,   231.15,   845.31
  598.77,   355.94,   595.27
  600.33,   356.04,   720.26
  601.90,   356.13,   845.25
  596.42,   480.92,   595.21
  597.99,   481.01,   720.20
  599.55,   481.10,   845.19
  351.05,   349.30,   100.20
  349.65,   350.49,   225.18
  348.24,   351.67,   350.17
  352.74,   474.28,    99.03
  351.34,   475.47,   224.02
  349.93,   476.66,   349.00
  354.43,   599.26,    97.86
  353.03,   600.45,   222.85
  351.62,   601.64,   347.83
  476.03,   347.62,   101.62
  474.63,   348.81,   226.60
  473.22,   350.00,   351.59
  477.72,   472.60,   100.45
  476.32,   473.79,   225.43
  474.91,   474.98,   350.42
  479.41,   597.59,    99.28
  478.01,   598.77,   224.27
  476.60,   599.96,   349.25
  601.01,   345.94,   103.04
  599.61,   347.13,   228.02
  598.20,   348.32,   353.01
  602.70,   470.93,   101.87
  601.30,   472.12,   226.85
  599.89,   473.30,   351.84
  604.39,   595.91,   100.70
  602.99,   597.10,   225.69
  601.58,   598.29,   350.67
  350.84,   349.33,   224.20
  354.24,   346.57,   349.12
  357.64,   343.81,   474.04
  347.21,   474.25,   227.06
  350.61,   471.49,   351.98
  354.01,   468.73,   476.90
  343.59,   599.16,   229.92
  346.98,   596.40,   354.84
  350.38,   593.64,   479.76
  475.74,   353.04,   220.88
  479.14,   350.27,   345.80
  482.54,   347.51,   470.73
  472.12,   477.95,   223.74
  475.51,   475.19,   348.66
  478.91,   472.43,   473.59
  468.49,   602.87,   226.60
  471.89,   600.10,   351.52
  475.28,   597.34,   476.45
  600.64,   356.74,   217.56
  604.04,   353.98,   342.49
  607.44,   351.22,   467.41
  597.02,   481.65,   220.42
  600.41,   478.89,   345.35
  603.81,   476.13,   470.27
  593.39,   606.57,   223.28
  596.79,   603.81,   348.21
  600.19,   601.05,   473.13
  350.30,   348.06,   351.64
  348.64,   347.83,   476.63
  346.98,   347.60,   601.62
  351.51,   473.05,   351.88
  349.85,   472.82,   476.87
  348.19,   472.59,   601.86
  352.72,   598.04,   352.13
  351.06,   597.81,   477.12
  349.40,   597.59,   602.11
  475.28,   346.84,   353.30
  473.62,   346.61,   478.28
  471.96,   346.38,   603.27
  476.49,   471.84,   353.54
  474.83,   471.61,   478.53
  473.17,   471.38,   603.52
  477.71,   596.83,   353.79
  476.05,   596.60,   478.77
  474.39,   596.37,   603.76
  600.27,   345.63,   354.95
  598.61,   345.40,   479.94
  596.95,   345.17,   604.93
  601.48,   470.62,   355.20
  599.82,   470.39,   480.19
  598.16,   470.16,   605.18
  602.69,   595.61,   355.44
  601.03,   595.39,   480.43
  599.37,   595.16,   605.42
  351.60,   349.52,   476.60
  354.70,   351.07,   601.56
  357.80,   352.62,   726.51
  352.87,   474.50,   475.02
  355.97,   476.05,   599.97
  359.07,   477.60,   724.93
  354.14,   599.48,   473.44
  357.24,   601.03,   598.39
  360.35,   602.58,   723.34
  476.56,   348.21,   473.52
  479.66,   349.76,   598.47
  482.76,   351.31,   723.42
  477.83,   473.19,   471.94
  480.93,   474.74,   596.89
  484.03,   476.29,   721.84
  479.10,   598.17,   470.36
  482.20,   599.72,   595.31
  485.30,   601.27,   720.26
  601.51,   346.90,   470.44
  604.61,   348.45,   595.39
  607.71,   350.00,   720.34
  602.78,   471.88,   468.85
  605.88,   473.43,   593.81
  608.98,   474.98,   718.76
  604.05,   596.86,   467.27
  607.15,   598.41,   592.22
  610.26,   599.96,   717.18
  350.60,   351.74,   599.37
  352.86,   349.38,   724.32
  355.12,   347.02,   849.28
  353.04,   476.69,   601.68
  355.30,   474.33,   726.64
  357.55,   471.97,   851.60
  355.47,   601.65,   604.00
  357.73,   599.29,   728.96
  359.99,   596.93,   853.91
  475.56,   349.34,   597.06
  477.82,   346.98,   722.02
  480.07,   344.62,   846.98
  477.99,   474.30,   599.38
  480.25,   471.94,   724.34
  482.51,   469.58,   849.29
  480.43,   599.25,   601.70
  482.69,   596.89,   726.65
  484.94,   594.53,   851.61
  600.51,   346.95,   594.76
  602.77,   344.59,   719.72
  605.03,   342.23,   844.68
  602.95,   471.91,   597.08
  605.21,   469.55,   722.03
  607.46,   467.19,   846.99
  605.39,   596.86,   599.39
  607.64,   594.50,   724.35
  609.90,   592.14,   849.31
  350.05,   476.91,   100.66
  352.33,   473.91,   225.61
  354.61,   470.91,   350.55
  347.64,   601.85,   103.71
  349.92,   598.85,   228.65
  352.20,   595.85,   353.60
  345.22,   726.79,   106.76
  347.50,   723.79,   231.70
  349.79,   720.78,   356.64
  475.01,   479.38,    98.44
  477.29,   476.38,   223.38
  479.57,   473.37,   348.33
  472.59,   604.32,   101.49
  474.87,   601.32,   226.43
  477.16,   598.31,   351.37
  470.18,   729.26,   104.53
  472.46,   726.26,   229.48
  474.74,   723.25,   354.42
  599.96,   481.85,    96.22
  602.24,   478.85,   221.16
  604.52,   475.84,   346.10
  597.55,   606.79,    99.26
  599.83,   603.79,   224.21
  602.11,   600.78,   349.15
  595.13,   731.73,   102.31
  597.42,   728.72,   227.25
  599.70,   725.72,   352.20
  349.79,   475.49,   224.70
  346.60,   472.01,   349.61
  343.41,   468.52,   474.52
  351.31,   600.44,   228.22
  348.11,   596.95,   353.13
  344.92,   593.46,   478.05
  352.82,   725.38,   231.75
  349.63,   721.89,   356.66
  346.44,   718.41,   481.57
  474.74,   473.89,   227.85
  471.55,   470.41,   352.76
  468.36,   466.92,   477.67
  476.26,   598.83,   231.37
  473.06,   595.35,   356.28
  469.87,   591.86,   481.19
  477.77,   723.77,   234.90
  474.58,   720.29,   359.81
  471.39,   716.80,   484.72
  599.69,   472.29,   231.00
  596.50,   468.80,   355.91
  593.31,   465.32,   480.82
  601.21,   597.23,   234.52
  598.01,   593.74,   359.43
  594.82,   590.26,   484.34
  602.72,   722.17,   238.05
  599.53,   718.68,   362.96
  596.34,   715.20,   487.87
  351.04,   473.52,   350.80
  353.16,   477.02,   475.74
  355.27,   480.52,   600.67
  350.87,   598.48,   347.31
  352.98,   601.97,   472.24
  355.10,   605.47,   597.18
  350.70,   723.43,   343.82
  352.81,   726.92,   468.75
  354.93,   730.42,   593.68
  476.02,   473.64,   348.68
  478.14,   477.13,   473.62
  480.25,   480.63,   598.55
  475.85,   598.59,   345.19
  477.97,   602.08,   470.12
  480.08,   605.58,   595.06
  475.68,   723.54,   341.70
  477.80,   727.03,   466.63
  479.91,   730.53,   591.56
  601.00,   473.75,   346.56
  603.12,   477.24,   471.50
  605.24,   480.74,   596.43
  600.83,   598.70,   343.07
  602.95,   602.19,   468.00
  605.07,   605.69,   592.94
  600.66,   723.65,   339.58
  602.78,   727.15,   464.51
  604.89,   730.64,   589.44
  351.55,   476.00,   476.40
  348.95,   474.01,   601.36
  346.35,   472.03,   726.32
  353.80,   600.96,   478.44
  351.20,   598.98,   603.39
  348.60,   596.99,   728.35
  356.05,   725.93,   480.47
  353.45,   723.94,   605.43
  350.84,   721.95,   730.39
  476.51,   473.71,   478.97
  473.91,   471.73,   603.93
  471.30,   469.74,   728.88
  478.75,   598.68,   481.00
  476.15,   596.69,   605.96
  473.55,   594.70,   730.92
  481.00,   723.64,   483.04
  478.40,   721.65,   607.99
  475.80,   719.67,   732.95
  601.46,   471.42,   481.54
  598.86,   469.44,   606.49
  596.26,   467.45,   731.45
  603.71,   596.39,   483.57
  601.10,   594.40,   608.53
  598.50,   592.41,   733.48
  605.95,   721.35,   485.60
  603.35,   719.36,   610.56
  600.75,   717.38,   735.52
  348.38,   476.75,   601.14
  349.90,   473.50,   726.08
  351.42,   470.24,   851.03
  344.82,   601.66,   604.44
  346.33,   598.40,   729.38
  347.85,   595.14,   854.33
  341.25,   726.56,   607.74
  342.77,   723.31,   732.68
  344.28,   720.05,   857.63
  473.32,   480.36,   599.71
  474.84,   477.10,   724.66
  476.36,   473.84,   849.61
  469.76,   605.26,   603.01
  471.27,   602.01,   727.96
  472.79,   598.75,   852.91
  466.19,   730.17,   606.31
  467.71,   726.91,   731.26
  469.22,   723.65,   856.21
  598.26,   483.96,   598.29
  599.78,   480.71,   723.24
  601.30,   477.45,   848.19
  594.70,   608.87,   601.59
  596.21,   605.61,   726.54
  597.73,   602.35,   851.49
  591.13,   733.77,   604.89
  592.65,   730.52,   729.84
  594.16,   727.26,   854.79
  350.45,   600.50,   100.26
  351.55,   599.43,   225.25
  352.64,   598.37,   350.24
  352.59,   725.47,   101.30
  353.69,   724.41,   226.29
  354.78,   723.35,   351.28
  354.74,   850.45,   102.35
  355.83,   849.39,   227.34
  356.92,   848.32,   352.33
  475.43,   598.36,    99.15
  476.52,   597.30,   224.14
  477.62,   596.24,   349.13
  477.57,   723.34,   100.19
  478.66,   722.28,   225.18
  479.76,   721.22,   350.17
  479.71,   848.32,   101.24
  480.80,   847.26,   226.23
  481.90,   846.19,   351.22
  600.41,   596.23,    98.04
  601.50,   595.17,   223.03
  602.59,   594.11,   348.02
  602.55,   721.21,    99.08
  603.64,   720.15,   224.07
  604.73,   719.08,   349.06
  604.69,   846.19,   100.13
  605.78,   845.13,   225.12
  606.87,   844.06,   350.11
  350.97,   598.67,   225.30
  349.13,   596.80,   350.28
  347.28,   594.93,   475.25
  352.58,   723.64,   227.20
  350.74,   721.77,   352.17
  348.89,   719.90,   477.14
  354.19,   848.62,   229.09
  352.35,   846.75,   354.07
  350.51,   844.88,   479.04
  475.95,   597.03,   227.12
  474.10,   595.16,   352.10
  472.26,   593.29,   477.07
  477.56,   722.00,   229.02
  475.71,   720.13,   353.99
  473.87,   718.26,   478.96
  479.17,   846.98,   230.91
  477.33,   845.11,   355.88
  475.48,   843.24,   480.86
  600.92,   595.39,   228.94
  599.08,   593.52,   353.92
  597.23,   591.65,   478.89
  602.53,   720.36,   230.84
  600.69,   718.49,   355.81
  598.85,   716.62,   480.78
  604.15,   845.34,   232.73
  602.30,   843.47,   357.70
  600.46,   841.60,   482.68
  351.89,   600.03,   350.20
  355.38,   601.55,   475.15
  358.86,   603.07,   600.09
  354.56,   724.99,   348.61
  358.05,   726.51,   473.55
  361.53,   728.03,   598.49
  357.23,   849.95,   347.02
  360.71,   851.47,   471.96
  364.20,   852.99,   596.90
  476.81,   597.32,   346.75
  480.30,   598.84,   471.69
  483.79,   600.36,   596.64
  479.48,   722.28,   345.16
  482.97,   723.80,   470.10
  486.45,   725.32,   595.04
  482.15,   847.24,   343.56
  485.64,   848.76,   468.50
  489.12,   850.28,   593.45
  601.74,   594.60,   343.30
  605.22,   596.12,   468.24
  608.71,   597.64,   593.18
  604.40,   719.57,   341.70
  607.89,   721.09,   466.65
  611.38,   722.61,   591.59
  607.07,   844.53,   340.11
  610.56,   846.05,   465.05
  614.05,   847.57,   589.99
  350.78,   601.30,   474.86
  354.42,   602.70,   599.80
  358.06,   604.09,   724.73
  349.08,   726.28,   473.51
  352.72,   727.68,   598.45
  356.36,   729.07,   723.39
  347.38,   851.26,   472.16
  351.02,   852.66,   597.10
  354.66,   854.05,   722.04
  475.71,   602.96,   471.19
  479.36,   604.36,   596.13
  483.00,   605.75,   721.07
  474.01,   727.94,   469.85
  477.66,   729.34,   594.79
  481.30,   730.73,   719.73
  472.31,   852.92,   468.50
  475.95,   854.32,   593.44
  479.60,   855.71,   718.38
  600.65,   604.62,   467.53
  604.29,   606.02,   592.47
  607.93,   607.41,   717.41
  598.95,   729.60,   466.19
  602.59,   731.00,   591.12
  606.23,   732.39,   716.06
  597.25,   854.58,   464.84
  600.89,   855.98,   589.78
  604.53,   857.37,   714.72
  348.73,   600.89,   600.30
  347.30,   603.81,   725.26
  345.87,   606.72,   850.21
  350.01,   725.85,   597.40
  348.58,   728.77,   722.36
  347.15,   731.68,   847.31
  351.28,   850.81,   594.50
  349.86,   853.73,   719.46
  348.43,   856.64,   844.41
  473.71,   599.65,   601.75
  472.29,   602.56,   726.71
  470.86,   605.48,   851.67
  474.99,   724.61,   598.85
  473.56,   727.52,   723.81
  472.14,   730.44,   848.77
  476.27,   849.57,   595.95
  474.84,   852.48,   720.91
  473.41,   855.40,   845.87
  598.70,   598.40,   603.21
  597.27,   601.32,   728.17
  595.84,   604.23,   853.13
  599.98,   723.36,   600.31
  598.55,   726.28,   725.27
  597.12,   729.19,   850.23
  601.25,   848.32,   597.41
  599.83,   851.24,   722.37
  598.40,   854.15,   847.33
  476.91,   101.06,    99.27
  477.55,   101.07,   224.27
  478.20,   101.08,   349.27
  478.72,   226.05,    99.25
  479.37,   226.06,   224.25
  480.01,   226.07,   349.25
  480.53,   351.03,    99.23
  481.18,   351.04,   224.23
  481.83,   351.06,   349.23
  601.89,    99.25,    98.63
  602.54,    99.26,   223.62
  603.19,    99.27,   348.62
  603.71,   224.23,    98.61
  604.35,   224.25,   223.60
  605.00,   224.26,   348.60
  605.52,   349.22,    98.59
  606.17,   349.23,   223.58
  606.81,   349.24,   348.58
  726.88,    97.43,    97.98
  727.53,    97.45,   222.98
  728.17,    97.46,   347.98
  728.69,   222.42,    97.96
  729.34,   222.43,   222.96
  729.98,   222.44,   347.96
  730.50,   347.41,    97.94
  731.15,   347.42,   222.94
  731.80,   347.43,   347.94
  474.39,    98.16,   223.37
  477.64,    94.92,   348.29
  480.89,    91.67,   473.20
  477.31,   223.09,   226.54
  480.56,   219.84,   351.46
  483.80,   216.60,   476.37
  480.22,   348.02,   229.71
  483.47,   344.77,   354.62
  486.72,   341.53,   479.54
  599.32,    95.33,   220.05
  602.57,    92.09,   344.96
  605.81,    88.84,   469.88
  602.23,   220.26,   223.22
  605.48,   217.01,   348.13
  608.73,   213.77,   473.05
  605.15,   345.19,   226.39
  608.39,   341.94,   351.30
  611.64,   338.70,   476.22
  724.24,    92.50,   216.73
  727.49,    89.26,   341.64
  730.74,    86.01,   466.56
  727.15,   217.43,   219.90
  730.40,   214.18,   344.81
  733.65,   210.94,   469.73
  730.07,   342.36,   223.06
  733.32,   339.11,   347.98
  736.57,   335.87,   472.90
  473.44,    98.90,   351.73
  471.53,    95.94,   476.68
  469.61,    92.99,   601.63
  471.21,   223.84,   354.65
  469.29,   220.89,   479.60
  467.38,   217.94,   604.55
  468.97,   348.79,   357.57
  467.06,   345.84,   482.52
  465.15,   342.88,   607.47
  598.40,   101.08,   353.70
  596.49,    98.13,   478.65
  594.58,    95.18,   603.60
  596.17,   226.03,   356.62
  594.26,   223.08,   481.57
  592.35,   220.13,   606.52
  593.94,   350.97,   359.53
  592.03,   348.02,   484.48
  590.11,   345.07,   609.43
  723.37,   103.27,   355.66
  721.46,   100.32,   480.61
  719.54,    97.37,   605.57
  721.14,   228.21,   358.58
  719.22,   225.26,   483.53
  717.31,   222.31,   608.48
  718.91,   353.16,   361.50
  716.99,   350.21,   486.45
  715.08,   347.26,   611.40
  476.63,    99.45,   474.84
  475.32,    96.88,   599.81
  474.01,    94.30,   724.77
  477.83,   224.42,   477.43
  476.52,   221.84,   602.40
  475.21,   219.26,   727.37
  479.03,   349.39,   480.02
  477.72,   346.81,   604.99
  476.41,   344.23,   729.96
  601.62,    98.23,   476.13
  600.31,    95.65,   601.09
  599.00,    93.07,   726.06
  602.82,   223.19,   478.72
  601.51,   220.62,   603.68
  600.20,   218.04,   728.65
  604.02,   348.16,   481.31
  602.71,   345.58,   606.28
  601.40,   343.00,   731.24
  726.60,    97.00,   477.41
  725.29,    94.42,   602.38
  723.98,    91.84,   727.34
  727.80,   221.97,   480.00
  726.49,   219.39,   604.97
  725.18,   216.81,   729.93
  729.00,   346.93,   482.59
  727.69,   344.36,   607.56
  726.39,   341.78,   732.53
  476.75,   100.59,   599.44
  476.27,    98.35,   724.42
  475.79,    96.12,   849.40
  475.26,   225.56,   601.67
  474.78,   223.33,   726.65
  474.30,   221.09,   851.63
  473.77,   350.53,   603.90
  473.29,   348.30,   728.88
  472.81,   346.06,   853.86
  601.74,   102.07,   599.95
  601.26,    99.83,   724.93
  600.78,    97.60,   849.91
  600.25,   227.04,   602.18
  599.77,   224.80,   727.16
  599.29,   222.57,   852.13
  598.77,   352.01,   604.41
  598.28,   349.78,   729.38
  597.80,   347.54,   854.36
  726.73,   103.55,   600.46
  726.25,   101.31,   725.43
  725.77,    99.08,   850.41
  725.24,   228.52,   602.68
  724.76,   226.28,   727.66
  724.28,   224.05,   852.64
  723.76,   353.49,   604.91
  723.27,   351.25,   729.89
  722.79,   349.02,   854.87
  476.41,   224.55,   100.89
  473.59,   227.62,   225.82
  470.78,   230.69,   350.75
  473.90,   349.48,    97.76
  471.09,   352.56,   222.69
  468.28,   355.63,   347.62
  471.40,   474.42,    94.63
  468.59,   477.49,   219.56
  465.78,   480.57,   344.49
  601.35,   227.12,   103.64
  598.54,   230.19,   228.57
  595.72,   233.27,   353.50
  598.85,   352.05,   100.51
  596.03,   355.13,   225.44
  593.22,   358.20,   350.37
  596.35,   476.99,    97.38
  593.53,   480.06,   222.31
  590.72,   483.14,   347.24
  726.29,   229.69,   106.39
  723.48,   232.76,   231.32
  720.67,   235.84,   356.25
  723.79,   354.62,   103.26
  720.98,   357.70,   228.19
  718.17,   360.77,   353.12
  721.29,   479.56,   100.13
  718.48,   482.63,   225.06
  715.66,   485.71,   349.99
  476.62,   225.82,   226.94
  475.83,   223.65,   351.92
  475.04,   221.48,   476.90
  475.08,   350.80,   229.10
  474.29,   348.62,   354.08
  473.50,   346.45,   479.06
  473.54,   475.77,   231.26
  472.75,   473.60,   356.24
  471.96,   471.42,   481.22
  601.61,   227.35,   227.76
  600.82,   225.18,   352.74
  600.03,   223.00,   477.71
  600.07,   352.32,   229.92
  599.28,   350.15,   354.90
  598.49,   347.98,   479.88
  598.53,   477.29,   232.08
  597.74,   475.12,   357.06
  596.95,   472.95,   482.04
  726.59,   228.87,   228.57
  725.80,   226.70,   353.55
  725.01,   224.53,   478.53
  725.06,   353.84,   230.73
  724.27,   351.67,   355.71
  723.48,   349.50,   480.69
  723.52,   478.81,   232.90
  722.73,   476.64,   357.87
  721.94,   474.47,   482.85
  474.26,   226.11,   350.10
  477.83,   228.35,   475.03
  481.41,   230.59,   599.96
  476.84,   351.06,   347.78
  480.42,   353.30,   472.71
  483.99,   355.54,   597.64
  479.43,   476.01,   345.47
  483.00,   478.25,   470.40
  486.58,   480.49,   595.33
  599.18,   223.46,   346.57
  602.75,   225.70,   471.50
  606.33,   227.94,   596.43
  601.76,   348.41,   344.25
  605.34,   350.65,   469.18
  608.92,   352.89,   594.11
  604.35,   473.36,   341.94
  607.92,   475.60,   466.87
  611.50,   477.84,   591.80
  724.10,   220.81,   343.04
  727.68,   223.05,   467.97
  731.25,   225.29,   592.90
  726.68,   345.76,   340.73
  730.26,   348.00,   465.65
  733.84,   350.24,   590.58
  729.27,   470.71,   338.41
  732.85,   472.95,   463.34
  736.42,   475.19,   588.27
  475.47,   226.42,   473.81
  475.96,   222.91,   598.76
  476.45,   219.40,   723.71
  477.10,   351.36,   477.31
  477.59,   347.85,   602.26
  478.08,   344.34,   727.21
  478.73,   476.30,   480.82
  479.22,   472.79,   605.77
  479.71,   469.28,   730.71
  600.46,   224.80,   473.27
  600.95,   221.29,   598.22
  601.44,   217.78,   723.17
  602.09,   349.75,   476.77
  602.58,   346.23,   601.72
  603.07,   342.72,   726.67
  603.72,   474.69,   480.28
  604.21,   471.17,   605.23
  604.70,   467.66,   730.18
  725.44,   223.19,   472.73
  725.94,   219.68,   597.68
  726.43,   216.17,   722.63
  727.07,   348.13,   476.23
  727.57,   344.62,   601.18
  728.06,   341.11,   726.13
  728.71,   473.07,   479.74
  729.20,   469.56,   604.69
  729.69,   466.05,   729.64
  475.49,   225.81,   600.92
  477.54,   225.19,   725.90
  479.58,   224.56,   850.88
  473.57,   350.79,   601.57
  475.62,   350.17,   726.55
  477.67,   349.55,   851.53
  471.65,   475.78,   602.22
  473.70,   475.15,   727.21
  475.75,   474.53,   852.19
  600.46,   227.74,   598.88
  602.51,   227.12,   723.86
  604.55,   226.49,   848.84
  598.54,   352.72,   599.53
  600.59,   352.10,   724.51
  602.63,   351.48,   849.50
  596.62,   477.71,   600.19
  598.67,   477.08,   725.17
  600.72,   476.46,   850.15
  725.43,   229.67,   596.84
  727.47,   229.04,   721.82
  729.52,   228.42,   846.80
  723.51,   354.65,   597.49
  725.56,   354.03,   722.48
  727.60,   353.40,   847.46
  721.59,   479.63,   598.15
  723.64,   479.01,   723.13
  725.69,   478.39,   848.11
  473.44,   348.23,    99.78
  471.20,   350.30,   224.75
  468.96,   352.38,   349.71
  474.53,   473.20,    97.73
  472.29,   475.28,   222.69
  470.05,   477.36,   347.65
  475.62,   598.18,    95.67
  473.38,   600.26,   220.63
  471.14,   602.34,   345.60
  598.42,   347.18,   102.04
  596.18,   349.25,   227.01
  593.94,   351.33,   351.97
  599.50,   472.15,    99.99
  597.26,   474.23,   224.95
  595.02,   476.31,   349.91
  600.59,   597.13,    97.93
  598.35,   599.21,   222.89
  596.11,   601.29,   347.85
  723.39,   346.13,   104.30
  721.15,   348.20,   229.26
  718.91,   350.28,   354.23
  724.48,   471.11,   102.24
  722.24,   473.18,   227.21
  720.00,   475.26,   352.17
  725.57,   596.08,   100.19
  723.33,   598.16,   225.15
  721.09,   600.24,   350.11
  473.00,   348.58,   225.91
  475.37,   350.79,   350.86
  477.74,   353.00,   475.82
  473.41,   473.56,   223.68
  475.78,   475.77,   348.64
  478.14,   477.98,   473.60
  473.82,   598.54,   221.46
  476.18,   600.75,   346.42
  478.55,   602.96,   471.38
  597.98,   348.13,   223.55
  600.35,   350.34,   348.50
  602.71,   352.55,   473.46
  598.38,   473.11,   221.32
  600.75,   475.32,   346.28
  603.12,   477.53,   471.24
  598.79,   598.09,   219.10
  601.16,   600.30,   344.06
  603.53,   602.51,   469.02
  722.95,   347.68,   221.19
  725.32,   349.89,   346.14
  727.69,   352.11,   471.10
  723.36,   472.66,   218.96
  725.73,   474.87,   343.92
  728.10,   477.09,   468.88
  723.77,   597.64,   216.74
  726.14,   599.85,   341.70
  728.50,   602.06,   466.66
  476.96,   348.42,   351.04
  474.20,   349.64,   476.00
  471.45,   350.87,   600.97
  479.31,   473.39,   349.87
  476.55,   474.62,   474.83
  473.80,   475.84,   599.80
  481.65,   598.37,   348.70
  478.90,   599.59,   473.66
  476.14,   600.81,   598.63
  601.91,   346.10,   353.82
  599.15,   347.32,   478.78
  596.40,   348.55,   603.74
  604.25,   471.07,   352.65
  601.50,   472.30,   477.61
  598.74,   473.52,   602.57
  606.60,   596.05,   351.48
  603.85,   597.27,   476.44
  601.09,   598.49,   601.40
  726.85,   343.78,   356.60
  724.10,   345.00,   481.56
  721.34,   346.23,   606.52
  729.20,   468.75,   355.42
  726.45,   469.98,   480.39
  723.69,   471.20,   605.35
  731.55,   593.73,   354.25
  728.79,   594.95,   479.22
  726.04,   596.17,   604.18
  475.16,   349.65,   474.41
  476.68,   350.57,   599.40
  478.20,   351.49,   724.39
  477.80,   474.62,   473.46
  479.32,   475.54,   598.45
  480.84,   476.46,   723.43
  480.43,   599.59,   472.51
  481.95,   600.51,   597.50
  483.48,   601.43,   722.48
  600.12,   347.00,   472.91
  601.64,   347.92,   597.90
  603.16,   348.84,   722.88
  602.76,   471.97,   471.96
  604.28,   472.89,   596.95
  605.80,   473.81,   721.93
  605.40,   596.94,   471.01
  606.92,   597.86,   595.99
  608.44,   598.78,   720.98
  725.08,   344.35,   471.41
  726.60,   345.27,   596.40
  728.13,   346.19,   721.38
  727.72,   469.32,   470.46
  729.24,   470.24,   595.44
  730.76,   471.16,   720.43
  730.36,   594.29,   469.51
  731.88,   595.21,   594.49
  733.40,   596.13,   719.48
  476.38,   351.61,   601.46
  479.96,   350.29,   726.40
  483.55,   348.98,   851.34
  478.03,   476.59,   602.73
  481.61,   475.28,   727.67
  485.19,   473.96,   852.61
  479.67,   601.58,   604.00
  483.26,   600.26,   728.94
  486.84,   598.94,   853.88
  601.32,   350.00,   597.86
  604.90,   348.69,   722.80
  608.48,   347.37,   847.74
  602.96,   474.99,   599.13
  606.55,   473.67,   724.07
  610.13,   472.35,   849.01
  604.61,   599.97,   600.40
  608.19,   598.65,   725.34
  611.78,   597.33,   850.28
  726.26,   348.39,   594.26
  729.84,   347.08,   719.20
  733.42,   345.76,   844.14
  727.90,   473.38,   595.53
  731.49,   472.06,   720.47
  735.07,   470.74,   845.41
  729.55,   598.36,   596.80
  733.13,   597.04,   721.74
  736.71,   595.73,   846.68
  475.37,   473.84,   101.12
  476.45,   474.17,   226.11
  477.53,   474.50,   351.11
  478.03,   598.81,   100.77
  479.11,   599.14,   225.76
  480.19,   599.47,   350.76
  480.69,   723.79,   100.42
  481.77,   724.11,   225.42
  482.85,   724.44,   350.41
  600.33,   471.18,   100.05
  601.41,   471.50,   225.04
  602.49,   471.83,   350.04
  603.00,   596.15,    99.70
  604.08,   596.48,   224.69
  605.16,   596.80,   349.69
  605.66,   721.12,    99.35
  606.74,   721.45,   224.34
  607.82,   721.77,   349.34
  725.30,   468.51,    98.97
  726.38,   468.84,   223.97
  727.46,   469.17,   348.96
  727.96,   593.48,    98.62
  729.04,   593.81,   223.62
  730.12,   594.14,   348.61
  730.63,   718.45,    98.28
  731.71,   718.78,   223.27
  732.79,   719.11,   348.27
  476.58,   475.82,   226.13
  478.05,   472.54,   351.08
  479.52,   469.27,   476.03
  477.05,   600.78,   229.40
  478.52,   597.50,   354.35
  479.99,   594.23,   479.30
  477.52,   725.73,   232.67
  478.99,   722.46,   357.62
  480.46,   719.18,   482.57
  601.57,   475.39,   224.65
  603.04,   472.11,   349.60
  604.51,   468.83,   474.55
  602.04,   600.34,   227.92
  603.51,   597.07,   352.87
  604.98,   593.79,   477.82
  602.51,   725.30,   231.19
  603.98,   722.02,   356.14
  605.45,   718.75,   481.09
  726.56,   474.95,   223.17
  728.03,   471.68,   348.12
  729.50,   468.40,   473.07
  727.03,   599.91,   226.44
  728.50,   596.63,   351.39
  729.97,   593.36,   476.34
  727.51,   724.86,   229.71
  728.97,   721.59,   354.66
  730.44,   718.31,   479.61
  475.29,   474.34,   350.97
  475.07,   470.60,   475.92
  474.86,   466.85,   600.86
  472.20,   599.24,   354.71
  471.98,   595.50,   479.65
  471.76,   591.76,   604.60
  469.10,   724.15,   358.45
  468.88,   720.41,   483.39
  468.67,   716.66,   608.33
  600.25,   477.42,   351.28
  600.03,   473.68,   476.23
  599.82,   469.94,   601.17
  597.16,   602.33,   355.02
  596.94,   598.59,   479.96
  596.72,   594.85,   604.91
  594.06,   727.24,   358.76
  593.85,   723.49,   483.70
  593.63,   719.75,   608.64
  725.21,   480.51,   351.59
  725.00,   476.77,   476.54
  724.78,   473.03,   601.48
  722.12,   605.42,   355.33
  721.90,   601.67,   480.27
  721.68,   597.93,   605.22
  719.02,   730.32,   359.07
  718.81,   726.58,   484.01
  718.59,   722.84,   608.95
  476.52,   474.63,   473.73
  479.80,   477.33,   598.66
  483.08,   480.02,   723.58
  473.73,   599.57,   471.11
  477.01,   602.27,   596.03
  480.29,   604.96,   720.96
  470.94,   724.52,   468.48
  474.22,   727.21,   593.41
  477.50,   729.91,   718.34
  601.45,   477.35,   470.39
  604.72,   480.05,   595.32
  608.00,   482.74,   720.25
  598.66,   602.29,   467.77
  601.93,   604.99,   592.70
  605.21,   607.68,   717.63
  595.87,   727.24,   465.15
  599.14,   729.93,   590.08
  602.42,   732.62,   715.00
  726.37,   480.07,   467.06
  729.65,   482.77,   591.98
  732.93,   485.46,   716.91
  723.58,   605.01,   464.43
  726.86,   607.71,   589.36
  730.14,   610.40,   714.29
  720.79,   729.95,   461.81
  724.07,   732.65,   586.74
  727.35,   735.34,   711.67
  475.23,   475.43,   598.97
  477.63,   475.03,   723.95
  480.04,   474.63,   848.93
  471.68,   600.38,   599.44
  474.08,   599.98,   724.42
  476.48,   599.58,   849.40
  468.13,   725.33,   599.91
  470.53,   724.93,   724.89
  472.93,   724.53,   849.86
  600.16,   478.99,   596.58
  602.56,   478.59,   721.56
  604.96,   478.19,   846.54
  596.61,   603.94,   597.05
  599.01,   603.54,   722.03
  601.41,   603.14,   847.00
  593.05,   728.89,   597.52
  595.46,   728.49,   722.50
  597.86,   728.09,   847.47
  725.08,   482.56,   594.19
  727.49,   482.16,   719.17
  729.89,   481.75,   844.15
  721.53,   607.50,   594.66
  723.93,   607.10,   719.64
  726.34,   606.70,   844.61
  717.98,   732.45,   595.13
  720.38,   732.05,   720.11
  722.78,   731.65,   845.08
  476.22,   598.86,   101.35
  473.08,   595.67,   226.27
  469.94,   592.47,   351.19
  474.76,   723.82,   104.51
  471.62,   720.62,   229.43
  468.48,   717.42,   354.35
  473.29,   848.77,   107.67
  470.15,   845.57,   232.59
  467.01,   842.38,   357.51
  601.17,   600.25,   104.53
  598.03,   597.05,   229.45
  594.89,   593.86,   354.37
  599.71,   725.20,   107.69
  596.57,   722.00,   232.61
  593.43,   718.81,   357.53
  598.25,   850.15,   110.85
  595.10,   846.95,   235.77
  591.96,   843.76,   360.69
  726.13,   601.63,   107.71
  722.98,   598.44,   232.63
  719.84,   595.24,   357.55
  724.66,   726.58,   110.87
  721.52,   723.39,   235.79
  718.38,   720.19,   360.71
  723.20,   851.53,   114.03
  720.06,   848.34,   238.95
  716.92,   845.14,   363.87
  476.74,   601.75,   224.72
  480.44,   601.79,   349.66
  484.14,   601.84,   474.61
  474.33,   726.73,   224.75
  478.03,   726.77,   349.70
  481.73,   726.81,   474.64
  471.93,   851.71,   224.78
  475.63,   851.75,   349.73
  479.33,   851.79,   474.67
  601.66,   604.16,   221.02
  605.36,   604.20,   345.96
  609.06,   604.24,   470.91
  599.26,   729.13,   221.05
  602.96,   729.18,   346.00
  606.66,   729.22,   470.94
  596.85,   854.11,   221.08
  600.55,   854.15,   346.03
  604.25,   854.19,   470.97
  726.58,   606.56,   217.32
  730.28,   606.60,   342.27
  733.98,   606.64,   467.21
  724.18,   731.54,   217.35
  727.88,   731.58,   342.30
  731.58,   731.62,   467.24
  721.78,   856.52,   217.38
  725.47,   856.56,   342.33
  729.17,   856.60,   467.27
  474.37,   601.16,   350.36
  473.51,   603.13,   475.35
  472.66,   605.11,   600.33
  473.45,   726.14,   348.38
  472.60,   728.11,   473.36
  471.75,   730.09,   598.34
  472.54,   851.12,   346.40
  471.69,   853.10,   471.38
  470.84,   855.07,   596.36
  599.36,   602.08,   351.20
  598.51,   604.06,   476.18
  597.66,   606.04,   601.17
  598.45,   727.06,   349.22
  597.60,   729.04,   474.20
  596.74,   731.02,   599.18
  597.54,   852.04,   347.24
  596.68,   854.02,   472.22
  595.83,   856.00,   597.20
  724.35,   603.01,   352.04
  723.50,   604.98,   477.02
  722.65,   606.96,   602.00
  723.44,   727.99,   350.06
  722.59,   729.96,   475.04
  721.74,   731.94,   600.02
  722.53,   852.97,   348.07
  721.68,   854.95,   473.06
  720.83,   856.92,   598.04
  474.67,   600.49,   474.82
  471.67,   603.61,   599.75
  468.66,   606.73,   724.67
  478.22,   725.41,   471.79
  475.22,   728.53,   596.72
  472.21,   731.64,   721.64
  481.77,   850.32,   468.76
  478.76,   853.44,   593.68
  475.76,   856.56,   718.61
  599.59,   597.02,   477.92
  596.58,   600.14,   602.84
  593.58,   603.26,   727.77
  603.14,   721.93,   474.88
  600.13,   725.05,   599.81
  597.12,   728.17,   724.73
  606.68,   846.85,   471.85
  603.68,   849.97,   596.78
  600.67,   853.08,   721.70
  724.50,   593.55,   481.01
  721.49,   596.67,   605.93
  718.49,   599.79,   730.86
  728.05,   718.46,   477.98
  725.04,   721.58,   602.90
  722.04,   724.70,   727.83
  731.60,   843.37,   474.94
  728.59,   846.49,   599.87
  725.59,   849.61,   724.79
  476.16,   598.14,   599.64
  479.16,   598.21,   724.60
  482.15,   598.27,   849.57
  473.61,   723.11,   599.63
  476.61,   723.18,   724.60
  479.60,   723.25,   849.56
  471.06,   848.09,   599.63
  474.06,   848.16,   724.59
  477.05,   848.22,   849.55
  601.10,   600.69,   596.64
  604.09,   600.76,   721.61
  607.09,   600.82,   846.57
  598.55,   725.66,   596.64
  601.54,   725.73,   721.60
  604.54,   725.80,   846.57
  596.00,   850.64,   596.63
  599.00,   850.70,   721.60
  601.99,   850.77,   846.56
  726.04,   603.24,   593.65
  729.03,   603.31,   718.62
  732.03,   603.37,   843.58
  723.49,   728.21,   593.65
  726.48,   728.28,   718.61
  729.48,   728.35,   843.57
  720.94,   853.19,   593.64
  723.93,   853.25,   718.60
  726.93,   853.32,   843.57
  601.77,   101.26,    98.19
  604.05,   103.30,   223.15
  606.32,   105.34,   348.12
  602.45,   226.24,    96.14
  604.72,   228.28,   221.10
  607.00,   230.32,   346.06
  603.13,   351.22,    94.09
  605.40,   353.26,   219.05
  607.68,   355.30,   344.01
  726.75,   100.54,    95.92
  729.02,   102.58,   220.89
  731.30,   104.62,   345.85
  727.43,   225.52,    93.87
  729.70,   227.56,   218.84
  731.98,   229.60,   343.80
  728.10,   350.50,    91.82
  730.38,   352.54,   216.78
  732.66,   354.58,   341.75
  851.72,    99.83,    93.66
  854.00,   101.87,   218.62
  856.28,   103.90,   343.58
  852.40,   224.81,    91.61
  854.68,   226.85,   216.57
  856.96,   228.89,   341.53
  853.08,   349.79,    89.56
  855.36,   351.83,   214.52
  857.64,   353.87,   339.48
  601.01,    98.27,   225.98
  603.13,    99.00,   350.96
  605.24,    99.73,   475.94
  598.84,   223.25,   225.29
  600.95,   223.98,   350.27
  603.07,   224.70,   475.25
  596.66,   348.23,   224.60
  598.78,   348.95,   349.58
  600.89,   349.68,   474.56
  725.98,   100.43,   223.85
  728.09,   101.16,   348.83
  730.21,   101.89,   473.81
  723.80,   225.41,   223.16
  725.92,   226.14,   348.14
  728.03,   226.87,   473.12
  721.63,   350.39,   222.47
  723.74,   351.12,   347.45
  725.86,   351.85,   472.43
  850.94,   102.59,   221.73
  853.05,   103.32,   346.71
  855.17,   104.05,   471.69
  848.76,   227.57,   221.03
  850.88,   228.30,   346.01
  852.99,   229.03,   470.99
  846.59,   352.55,   220.34
  848.70,   353.28,   345.32
  850.82,   354.01,   470.30
  599.52,    99.12,   348.03
  599.19,    97.64,   473.02
  598.87,    96.16,   598.01
  601.81,   224.09,   349.52
  601.48,   222.61,   474.51
  601.16,   221.13,   599.50
  604.10,   349.06,   351.00
  603.78,   347.58,   476.00
  603.45,   346.10,   600.99
  724.50,    96.82,   348.33
  724.17,    95.34,   473.32
  723.84,    93.86,   598.31
  726.79,   221.79,   349.82
  726.46,   220.31,   474.81
  726.14,   218.83,   599.80
  729.08,   346.76,   351.30
  728.76,   345.28,   476.29
  728.43,   343.80,   601.28
  849.47,    94.52,   348.63
  849.15,    93.04,   473.62
  848.82,    91.56,   598.61
  851.77,   219.49,   350.12
  851.44,   218.01,   475.11
  851.12,   216.53,   600.10
  854.06,   344.46,   351.60
  853.74,   342.98,   476.59
  853.41,   341.50,   601.58
  598.02,    98.49,   475.29
  598.98,    95.52,   600.26
  599.94,    92.54,   725.22
  598.92,   223.45,   478.26
  599.88,   220.48,   603.22
  600.84,   217.50,   728.18
  599.81,   348.41,   481.22
  600.77,   345.44,   606.19
  601.73,   342.47,   731.15
  723.01,    97.61,   474.31
  723.97,    94.64,   599.27
  724.93,    91.67,   724.23
  723.91,   222.58,   477.28
  724.87,   219.60,   602.24
  725.83,   216.63,   727.20
  724.81,   347.54,   480.24
  725.77,   344.57,   605.20
  726.73,   341.59,   730.17
  848.01,    96.74,   473.33
  848.97,    93.77,   598.29
  849.93,    90.80,   723.25
  848.90,   221.70,   476.30
  849.86,   218.73,   601.26
  850.82,   215.76,   726.22
  849.80,   346.66,   479.26
  850.76,   343.69,   604.22
  851.72,   340.72,   729.18
  601.53,    99.27,   600.93
  601.43,    96.47,   725.90
  601.33,    93.67,   850.87
  605.20,   224.18,   603.73
  605.10,   221.38,   728.70
  605.00,   218.59,   853.67
  608.88,   349.10,   606.53
  608.78,   346.30,   731.50
  608.68,   343.50,   856.47
  726.47,    95.59,   600.95
  726.37,    92.79,   725.92
  726.27,    90.00,   850.89
  730.15,   220.50,   603.75
  730.05,   217.71,   728.72
  729.95,   214.91,   853.69
  733.82,   345.42,   606.55
  733.73,   342.62,   731.52
  733.63,   339.82,   856.48
  851.42,    91.91,   600.96
  851.32,    89.11,   725.93
  851.22,    86.32,   850.90
  855.09,   216.83,   603.76
  854.99,   214.03,   728.73
  854.90,   211.23,   853.70
  858.77,   341.74,   606.56
  858.67,   338.94,   731.53
  858.57,   336.15,   856.50
  600.48,   223.07,   100.52
  602.13,   224.30,   225.51
  603.77,   225.53,   350.49
  598.60,   348.05,    99.32
  600.24,   349.28,   224.30
  601.89,   350.51,   349.28
  596.71,   473.03,    98.11
  598.36,   474.26,   223.09
  600.01,   475.49,   348.08
  725.45,   224.94,    98.86
  727.10,   226.17,   223.84
  728.75,   227.40,   348.82
  723.57,   349.92,    97.65
  725.22,   351.15,   222.63
  726.86,   352.38,   347.62
  721.69,   474.90,    96.45
  723.33,   476.13,   221.43
  724.98,   477.36,   346.41
  850.43,   226.80,    97.19
  852.08,   228.03,   222.18
  853.72,   229.27,   347.16
  848.55,   351.78,    95.99
  850.19,   353.01,   220.97
  851.84,   354.25,   345.95
  846.66,   476.76,    94.78
  848.31,   477.99,   219.76
  849.96,   479.23,   344.75
  600.07,   226.82,   226.34
  602.65,   229.07,   351.29
  605.23,   231.32,   476.24
  600.89,   351.80,   224.07
  603.47,   354.05,   349.02
  606.05,   356.30,   473.98
  601.72,   476.78,   221.80
  604.30,   479.03,   346.76
  606.88,   481.27,   471.71
  725.04,   225.95,   223.77
  727.62,   228.20,   348.72
  730.20,   230.45,   473.68
  725.86,   350.93,   221.50
  728.44,   353.18,   346.46
  731.02,   355.43,   471.41
  726.69,   475.90,   219.24
  729.27,   478.15,   344.19
  731.85,   480.40,   469.14
  850.01,   225.08,   221.21
  852.59,   227.33,   346.16
  855.17,   229.58,   471.11
  850.83,   350.06,   218.94
  853.41,   352.31,   343.89
  856.00,   354.56,   468.84
  851.66,   475.03,   216.67
  854.24,   477.28,   341.62
  856.82,   479.53,   466.58
  599.29,   224.56,   349.05
  601.16,   228.24,   473.99
  603.04,   231.93,   598.92
  599.57,   349.50,   345.37
  601.45,   353.19,   470.30
  603.32,   356.87,   595.23
  599.85,   474.45,   341.68
  601.73,   478.13,   466.61
  603.61,   481.82,   591.54
  724.27,   224.22,   347.19
  726.15,   227.90,   472.12
  728.02,   231.59,   597.05
  724.56,   349.16,   343.50
  726.43,   352.85,   468.43
  728.31,   356.53,   593.36
  724.84,   474.11,   339.81
  726.72,   477.79,   464.74
  728.59,   481.48,   589.68
  849.26,   223.88,   345.32
  851.13,   227.56,   470.25
  853.01,   231.25,   595.18
  849.54,   348.82,   341.63
  851.42,   352.51,   466.57
  853.29,   356.19,   591.50
  849.83,   473.77,   337.95
  851.70,   477.45,   462.88
  853.58,   481.14,   587.81
  598.88,   226.58,   475.07
  597.69,   222.95,   600.01
  596.50,   219.32,   724.95
  600.56,   351.52,   478.72
  599.37,   347.89,   603.66
  598.18,   344.26,   728.60
  602.25,   476.45,   482.36
  601.06,   472.82,   607.31
  599.87,   469.19,   732.25
  723.86,   224.87,   476.21
  722.67,   221.23,   601.15
  721.48,   217.60,   726.09
  725.55,   349.80,   479.86
  724.36,   346.17,   604.80
  723.17,   342.54,   729.74
  727.23,   474.74,   483.50
  726.04,   471.11,   608.45
  724.85,   467.47,   733.39
  848.85,   223.15,   477.35
  847.66,   219.52,   602.29
  846.47,   215.89,   727.24
  850.53,   348.08,   481.00
  849.34,   344.45,   605.94
  848.15,   340.82,   730.88
  852.21,   473.02,   484.65
  851.02,   469.39,   609.59
  849.83,   465.76,   734.53
  600.68,   225.41,   601.04
  598.13,   226.58,   726.01
  595.58,   227.75,   850.98
  597.62,   350.37,   599.81
  595.08,   351.54,   724.78
  592.53,   352.71,   849.74
  594.57,   475.33,   598.58
  592.02,   476.50,   723.54
  589.47,   477.66,   848.51
  725.61,   228.49,   603.56
  723.07,   229.66,   728.52
  720.52,   230.83,   853.49
  722.56,   353.45,   602.32
  720.01,   354.62,   727.29
  717.47,   355.79,   852.26
  719.51,   478.40,   601.09
  716.96,   479.57,   726.06
  714.41,   480.74,   851.03
  850.55,   231.57,   606.07
  848.00,   232.74,   731.04
  845.46,   233.91,   856.01
  847.50,   356.53,   604.84
  844.95,   357.70,   729.81
  842.40,   358.87,   854.78
  844.44,   481.48,   603.61
  841.89,   482.65,   728.58
  839.35,   483.82,   853.55
  598.55,   350.22,   101.13
  600.32,   353.55,   226.07
  602.09,   356.87,   351.02
  599.47,   475.17,    97.79
  601.24,   478.50,   222.74
  603.01,   481.82,   347.68
  600.39,   600.13,    94.45
  602.16,   603.45,   219.40
  603.93,   606.78,   344.34
  723.54,   349.26,    99.39
  725.31,   352.58,   224.33
  727.08,   355.91,   349.27
  724.46,   474.21,    96.05
  726.23,   477.53,   220.99
  728.00,   480.86,   345.93
  725.37,   599.16,    92.71
  727.14,   602.49,   217.65
  728.91,   605.81,   342.59
  848.52,   348.29,    97.64
  850.29,   351.62,   222.58
  852.06,   354.94,   347.53
  849.44,   473.24,    94.30
  851.21,   476.57,   219.25
  852.98,   479.90,   344.19
  850.36,   598.20,    90.96
  852.13,   601.52,   215.91
  853.90,   604.85,   340.85
  601.82,   349.87,   224.89
  600.70,   346.14,   349.83
  599.58,   342.41,   474.77
  600.36,   474.81,   228.61
  599.24,   471.08,   353.55
  598.13,   467.35,   478.49
  598.90,   599.75,   232.33
  597.79,   596.01,   357.27
  596.67,   592.28,   482.21
  726.80,   351.30,   226.05
  725.69,   347.56,   350.99
  724.57,   343.83,   475.93
  725.35,   476.23,   229.77
  724.23,   472.50,   354.71
  723.11,   468.77,   479.65
  723.89,   601.17,   233.49
  722.77,   597.44,   358.43
  721.66,   593.70,   483.37
  851.79,   352.72,   227.21
  850.67,   348.99,   352.15
  849.56,   345.25,   477.09
  850.33,   477.65,   230.93
  849.22,   473.92,   355.87
  848.10,   470.19,   480.81
  848.88,   602.59,   234.65
  847.76,   598.86,   359.59
  846.64,   595.13,   484.53
  599.40,   349.23,   348.20
  599.85,   345.73,   473.15
  600.30,   342.22,   598.10
  600.92,   474.18,   351.70
  601.38,   470.67,   476.65
  601.83,   467.16,   601.60
  602.45,   599.12,   355.20
  602.90,   595.61,   480.15
  603.35,   592.10,   605.10
  724.39,   347.72,   347.70
  724.84,   344.22,   472.65
  725.29,   340.71,   597.60
  725.91,   472.66,   351.20
  726.37,   469.16,   476.15
  726.82,   465.65,   601.10
  727.44,   597.61,   354.70
  727.89,   594.10,   479.65
  728.34,   590.59,   604.60
  849.38,   346.21,   347.21
  849.83,   342.70,   472.16
  850.28,   339.20,   597.11
  850.90,   471.15,   350.71
  851.36,   467.65,   475.66
  851.81,   464.14,   600.61
  852.43,   596.09,   354.21
  852.88,   592.59,   479.16
  853.33,   589.08,   604.11
  601.39,   350.76,   476.20
  599.22,   352.10,   601.18
  597.06,   353.45,   726.15
  601.92,   475.75,   474.87
  599.75,   477.10,   599.84
  597.58,   478.44,   724.82
  602.44,   600.74,   473.53
  600.27,   602.09,   598.51
  598.11,   603.43,   723.48
  726.37,   350.26,   478.37
  724.20,   351.60,   603.35
  722.04,   352.95,   728.32
  726.90,   475.25,   477.04
  724.73,   476.59,   602.01
  722.56,   477.94,   726.99
  727.42,   600.24,   475.71
  725.25,   601.59,   600.68
  723.09,   602.93,   725.65
  851.35,   349.76,   480.55
  849.19,   351.10,   605.52
  847.02,   352.44,   730.49
  851.88,   474.75,   479.21
  849.71,   476.09,   604.19
  847.54,   477.44,   729.16
  852.40,   599.74,   477.88
  850.23,   601.08,   602.85
  848.07,   602.43,   727.83
  599.09,   350.49,   601.71
  600.56,   352.16,   726.69
  602.04,   353.84,   851.67
  596.83,   475.45,   600.06
  598.31,   477.13,   725.04
  599.78,   478.81,   850.02
  594.58,   600.42,   598.41
  596.05,   602.10,   723.39
  597.52,   603.78,   848.37
  724.06,   352.72,   600.21
  725.54,   354.40,   725.19
  727.01,   356.08,   850.17
  721.80,   477.69,   598.56
  723.28,   479.37,   723.54
  724.75,   481.05,   848.52
  719.55,   602.66,   596.91
  721.02,   604.34,   721.89
  722.49,   606.02,   846.87
  849.03,   354.96,   598.71
  850.51,   356.64,   723.69
  851.98,   358.32,   848.67
  846.78,   479.93,   597.06
  848.25,   481.61,   722.04
  849.72,   483.29,   847.02
  844.52,   604.90,   595.41
  845.99,   606.58,   720.39
  847.46,   608.26,   845.37
  598.36,   475.69,    99.78
  597.45,   475.52,   224.78
  596.54,   475.34,   349.78
  598.65,   600.69,    99.96
  597.73,   600.51,   224.96
  596.82,   600.34,   349.95
  598.93,   725.69,   100.14
  598.02,   725.51,   225.14
  597.11,   725.34,   350.13
  723.36,   475.40,   100.70
  722.45,   475.23,   225.69
  721.53,   475.05,   350.69
  723.64,   600.40,   100.87
  722.73,   600.23,   225.87
  721.82,   600.05,   350.87
  723.93,   725.40,   101.05
  723.02,   725.23,   226.05
  722.10,   725.05,   351.04
  848.36,   475.12,   101.61
  847.44,   474.94,   226.61
  846.53,   474.77,   351.60
  848.64,   600.12,   101.79
  847.73,   599.94,   226.78
  846.81,   599.77,   351.78
  848.92,   725.12,   101.96
  848.01,   724.94,   226.96
  847.10,   724.77,   351.96
  601.07,   476.86,   226.20
  602.30,   474.98,   351.18
  603.54,   473.10,   476.16
  597.94,   601.81,   228.11
  599.18,   599.93,   353.09
  600.41,   598.05,   478.07
  594.81,   726.75,   230.02
  596.05,   724.87,   355.00
  597.28,   723.00,   479.98
  726.02,   480.01,   225.01
  727.26,   478.13,   349.99
  728.49,   476.25,   474.97
  722.90,   604.95,   226.92
  724.13,   603.07,   351.90
  725.37,   601.19,   476.88
  719.77,   729.90,   228.83
  721.00,   728.02,   353.81
  722.24,   726.14,   478.79
  850.98,   483.15,   223.82
  852.21,   481.27,   348.80
  853.45,   479.39,   473.78
  847.85,   608.10,   225.73
  849.09,   606.22,   350.71
  850.32,   604.34,   475.69
  844.72,   733.04,   227.64
  845.96,   731.16,   352.62
  847.19,   729.29,   477.60
  599.75,   476.24,   349.59
  598.73,   477.93,   474.57
  597.71,   479.63,   599.55
  598.03,   601.21,   347.88
  597.01,   602.91,   472.86
  596.00,   604.61,   597.84
  596.32,   726.19,   346.17
  595.30,   727.89,   471.15
  594.28,   729.58,   596.13
  724.73,   477.97,   350.58
  723.72,   479.66,   475.57
  722.70,   481.36,   600.55
  723.02,   602.94,   348.87
  722.00,   604.64,   473.86
  720.98,   606.34,   598.84
  721.30,   727.92,   347.16
  720.28,   729.62,   472.15
  719.26,   731.31,   597.13
  849.72,   479.70,   351.58
  848.70,   481.39,   476.56
  847.68,   483.09,   601.55
  848.00,   604.67,   349.87
  846.98,   606.37,   474.85
  845.96,   608.07,   599.84
  846.29,   729.65,   348.16
  845.27,   731.35,   473.14
  844.25,   733.04,   598.13
  601.77,   475.55,   473.56
  598.20,   476.31,   598.51
  594.63,   477.07,   723.45
  600.09,   600.54,   472.75
  596.52,   601.30,   597.70
  592.95,   602.06,   722.64
  598.42,   725.52,   471.94
  594.85,   726.28,   596.89
  591.28,   727.04,   721.83
  726.71,   477.25,   477.12
  723.14,   478.01,   602.07
  719.57,   478.77,   727.01
  725.03,   602.23,   476.31
  721.46,   603.00,   601.26
  717.89,   603.76,   726.20
  723.35,   727.22,   475.50
  719.79,   727.98,   600.45
  716.22,   728.74,   725.39
  851.65,   478.95,   480.68
  848.08,   479.71,   605.62
  844.51,   480.47,   730.57
  849.97,   603.93,   479.87
  846.40,   604.69,   604.81
  842.83,   605.46,   729.76
  848.29,   728.92,   479.06
  844.72,   729.68,   604.01
  841.15,   730.44,   728.95
  600.68,   475.55,   598.90
  603.04,   474.75,   723.87
  605.40,   473.94,   848.85
  598.64,   600.53,   599.74
  601.00,   599.73,   724.72
  603.35,   598.93,   849.69
  596.60,   725.51,   600.58
  598.96,   724.71,   725.56
  601.31,   723.91,   850.54
  725.64,   477.61,   596.55
  728.00,   476.81,   721.53
  730.36,   476.00,   846.50
  723.60,   602.59,   597.40
  725.96,   601.79,   722.37
  728.32,   600.98,   847.35
  721.56,   727.57,   598.24
  723.92,   726.77,   723.22
  726.27,   725.96,   848.19
  850.60,   479.67,   594.21
  852.96,   478.86,   719.19
  855.32,   478.06,   844.16
  848.56,   604.65,   595.05
  850.92,   603.84,   720.03
  853.28,   603.04,   845.00
  846.52,   729.63,   595.90
  848.88,   728.82,   720.87
  851.24,   728.02,   845.85
  601.83,   599.73,    99.29
  599.41,   601.59,   224.25
  596.99,   603.46,   349.21
  598.25,   724.66,    97.35
  595.83,   726.53,   222.32
  593.41,   728.39,   347.28
  594.68,   849.60,    95.42
  592.26,   851.46,   220.38
  589.84,   853.33,   345.35
  726.75,   603.34,   101.65
  724.33,   605.20,   226.61
  721.91,   607.07,   351.58
  723.18,   728.27,    99.72
  720.76,   730.14,   224.68
  718.34,   732.00,   349.64
  719.61,   853.21,    97.79
  717.19,   855.07,   222.75
  714.77,   856.94,   347.71
  851.68,   606.95,   104.02
  849.26,   608.81,   228.98
  846.84,   610.68,   353.94
  848.11,   731.88,   102.08
  845.68,   733.75,   227.05
  843.26,   735.61,   352.01
  844.53,   856.82,   100.15
  842.11,   858.68,   225.11
  839.69,   860.55,   350.08
  599.29,   600.63,   226.13
  601.33,   603.22,   351.09
  603.36,   605.80,   476.04
  597.71,   725.60,   223.57
  599.74,   728.18,   348.53
  601.78,   730.77,   473.49
  596.13,   850.56,   221.01
  598.16,   853.15,   345.97
  600.19,   855.73,   470.93
  724.26,   602.17,   224.06
  726.30,   604.76,   349.02
  728.33,   607.34,   473.98
  722.68,   727.14,   221.51
  724.72,   729.72,   346.46
  726.75,   732.31,   471.42
  721.10,   852.10,   218.95
  723.13,   854.69,   343.90
  725.17,   857.27,   468.86
  849.24,   603.71,   222.00
  851.27,   606.30,   346.95
  853.31,   608.88,   471.91
  847.65,   728.68,   219.44
  849.69,   731.26,   344.40
  851.72,   733.85,   469.35
  846.07,   853.64,   216.88
  848.11,   856.23,   341.84
  850.14,   858.81,   466.79
  600.46,   598.04,   348.46
  600.25,   598.32,   473.46
  600.04,   598.61,   598.46
  598.57,   723.03,   348.17
  598.36,   723.31,   473.17
  598.16,   723.59,   598.17
  596.68,   848.01,   347.89
  596.48,   848.29,   472.89
  596.27,   848.58,   597.89
  725.44,   599.93,   348.66
  725.23,   600.21,   473.66
  725.03,   600.49,   598.66
  723.56,   724.91,   348.38
  723.35,   725.19,   473.37
  723.14,   725.48,   598.37
  721.67,   849.90,   348.09
  721.46,   850.18,   473.09
  721.26,   850.46,   598.09
  850.43,   601.81,   348.86
  850.22,   602.10,   473.86
  850.01,   602.38,   598.86
  848.54,   726.80,   348.58
  848.33,   727.08,   473.58
  848.13,   727.36,   598.58
  846.66,   851.78,   348.29
  846.45,   852.07,   473.29
  846.24,   852.35,   598.29
  599.72,   600.92,   473.95
  596.43,   603.93,   598.87
  593.14,   606.93,   723.79
  598.67,   725.88,   470.91
  595.38,   728.89,   595.83
  592.09,   731.89,   720.75
  597.62,   850.84,   467.88
  594.33,   853.85,   592.80
  591.04,   856.85,   717.72
  724.67,   602.05,   477.21
  721.38,   605.06,   602.13
  718.09,   608.06,   727.05
  723.62,   727.01,   474.18
  720.33,   730.01,   599.10
  717.04,   733.02,   724.02
  722.57,   851.97,   471.14
  719.28,   854.97,   596.06
  715.99,   857.98,   720.98
  849.62,   603.18,   480.48
  846.33,   606.18,   605.40
  843.04,   609.19,   730.32
  848.57,   728.13,   477.44
  845.28,   731.14,   602.36
  841.99,   734.15,   727.28
  847.52,   853.09,   474.41
  844.23,   856.10,   599.33
  840.94,   859.11,   724.25
  601.13,   599.04,   599.34
  599.38,   599.09,   724.32
  597.63,   599.15,   849.31
  601.96,   724.03,   599.29
  600.20,   724.09,   724.28
  598.45,   724.14,   849.27
  602.78,   849.03,   599.25
  601.03,   849.09,   724.24
  599.27,   849.14,   849.22
  726.12,   598.21,   601.09
  724.37,   598.27,   726.08
  722.61,   598.32,   851.06
  726.94,   723.21,   601.05
  725.19,   723.27,   726.03
  723.44,   723.32,   851.02
  727.76,   848.21,   601.00
  726.01,   848.26,   725.99
  724.26,   848.32,   850.98
  851.10,   597.39,   602.84
  849.35,   597.45,   727.83
  847.60,   597.50,   852.82
  851.93,   722.39,   602.80
  850.17,   722.44,   727.78
  848.42,   722.50,   852.77
  852.75,   847.39,   602.75
  851.00,   847.44,   727.74
  849.24,   847.50,   852.73
