27, 125, pa2-debug-f-output1.txt
  195.56,   192.73,   196.70
  409.49,   401.64,   196.84
   99.47,   100.80,   101.26
  102.67,    99.97,   226.56
  105.83,    98.86,   352.49
  100.61,   226.09,   102.49
  103.11,   224.84,   227.27
  106.95,   224.22,   352.12
  103.19,   350.70,   104.25
  104.80,   349.36,   228.24
  107.35,   348.75,   351.90
  225.17,    99.46,    99.30
  228.07,    99.77,   224.53
  230.63,    98.32,   349.48
  226.28,   224.84,   100.69
  228.99,   224.84,   225.33
  231.77,   223.89,   349.78
  226.79,   349.84,   101.34
  229.27,   348.34,   224.87
  232.60,   347.56,   348.97
  350.32,    98.86,    96.61
  352.57,    98.59,   222.17
  354.76,    97.62,   347.24
  350.80,   222.94,    97.26
  353.62,   222.84,   223.09
  355.51,   222.69,   347.23
  350.96,   347.93,    97.62
  353.92,   347.33,   223.01
  357.13,   346.59,   347.00
  101.33,   100.76,   222.99
   99.27,    96.72,   348.66
   97.20,    92.74,   474.57
   98.16,   225.52,   226.87
   96.35,   221.66,   351.97
   94.56,   218.15,   477.42
   96.29,   350.24,   230.77
   93.03,   346.31,   354.70
   90.16,   342.45,   479.53
  226.91,   104.37,   226.70
  223.92,   100.10,   351.73
  221.36,    95.65,   476.40
  223.80,   229.37,   230.39
  221.18,   225.14,   354.89
  218.95,   220.90,   479.35
  220.48,   353.05,   232.92
  218.37,   348.60,   357.27
  215.93,   345.13,   482.25
  351.44,   107.06,   229.94
  348.03,   102.79,   354.93
  344.65,    99.17,   479.49
  348.52,   231.09,   233.70
  345.15,   228.09,   358.09
  341.64,   225.06,   482.16
  345.13,   355.39,   236.75
  342.87,   351.63,   360.81
  339.77,   348.19,   485.58
  101.08,   100.03,   349.26
  101.27,   101.32,   474.60
  101.03,   102.37,   599.68
   97.70,   225.23,   347.05
   98.28,   226.72,   472.34
   97.43,   227.90,   597.62
   93.91,   349.71,   344.60
   93.27,   351.15,   469.20
   92.74,   352.86,   594.69
  226.19,   104.04,   349.80
  225.65,   104.70,   474.63
  225.32,   105.90,   599.31
  222.96,   229.14,   347.48
  222.41,   230.24,   472.17
  222.32,   231.67,   597.54
  219.17,   352.63,   344.76
  219.24,   354.43,   469.79
  218.43,   356.54,   595.25
  349.67,   107.50,   350.46
  348.85,   109.13,   475.35
  347.95,   111.05,   599.76
  346.51,   232.46,   348.34
  345.55,   234.59,   472.85
  344.67,   236.37,   598.00
  343.88,   356.20,   346.05
  343.05,   357.89,   470.71
  341.71,   359.85,   596.16
  103.31,    97.62,   474.52
  102.12,    98.24,   599.58
   99.82,    99.33,   723.56
  106.35,   222.72,   472.22
  105.30,   223.62,   597.61
  103.08,   224.53,   722.27
  108.20,   347.25,   469.51
  106.91,   348.94,   595.34
  105.35,   350.44,   721.46
  227.50,    94.68,   475.37
  226.45,    95.26,   599.63
  225.19,    96.30,   724.34
  230.77,   220.41,   473.25
  229.47,   221.16,   598.47
  228.49,   222.03,   724.15
  233.72,   344.41,   471.03
  231.80,   346.22,   596.86
  229.98,   347.71,   722.51
  351.00,    92.30,   476.96
  349.23,    93.91,   601.34
  348.16,    95.62,   725.99
  353.62,   218.32,   474.69
  351.87,   219.64,   599.78
  351.21,   220.77,   725.39
  357.21,   341.72,   473.15
  355.58,   343.40,   598.72
  353.67,   345.18,   724.43
  101.47,   100.33,   601.59
   97.46,    98.89,   725.54
   92.23,    97.41,   850.48
  101.17,   225.85,   602.40
   97.39,   224.06,   726.66
   93.91,   222.46,   851.17
  100.20,   351.10,   602.38
   96.73,   349.66,   728.59
   93.60,   348.57,   853.83
  225.60,   100.30,   603.42
  222.57,    98.74,   728.00
  219.55,    96.93,   854.30
  226.06,   226.31,   604.78
  222.81,   224.46,   730.31
  219.52,   222.74,   856.31
  225.15,   350.99,   605.47
  221.34,   350.17,   731.17
  218.09,   349.08,   856.11
  348.46,   102.00,   606.81
  345.56,   100.58,   731.33
  343.18,    97.79,   856.98
  348.48,   227.34,   607.61
  345.91,   225.77,   733.19
  343.79,   224.05,   859.48
  348.85,   351.09,   609.08
  345.38,   350.34,   734.96
  342.54,   349.72,   860.62
   98.75,   227.64,   100.54
  100.50,   227.47,   225.20
  103.25,   227.53,   350.32
   98.44,   352.35,   101.57
   99.57,   352.00,   225.29
  101.14,   352.07,   349.34
   97.80,   476.77,   101.34
   98.59,   477.09,   225.30
   99.57,   477.14,   348.14
  224.13,   228.88,    99.55
  226.19,   230.22,   224.13
  228.56,   229.86,   348.38
  222.36,   354.02,    99.33
  224.19,   353.71,   222.59
  226.76,   353.69,   347.00
  220.67,   479.07,    98.53
  221.89,   478.15,   221.66
  225.08,   477.40,   345.87
  348.85,   229.76,    96.77
  351.00,   230.50,   222.59
  352.07,   231.52,   346.74
  346.14,   354.96,    96.32
  348.51,   354.75,   221.73
  351.20,   355.30,   345.58
  344.16,   480.05,    96.21
  347.14,   479.96,   220.99
  350.02,   479.41,   345.31
   99.77,   225.82,   224.98
   98.67,   225.49,   350.04
   97.65,   225.65,   475.51
  100.24,   350.34,   225.45
   97.90,   350.02,   349.52
   96.25,   350.11,   473.94
  100.42,   475.05,   225.40
   97.56,   475.25,   348.50
   95.25,   475.05,   473.03
  225.30,   226.90,   228.00
  223.69,   226.58,   352.28
  222.04,   225.97,   476.67
  224.91,   350.52,   226.56
  223.31,   350.11,   350.94
  221.84,   350.07,   475.95
  224.31,   474.92,   226.05
  223.15,   474.21,   350.11
  221.65,   473.99,   475.30
  350.13,   226.03,   230.24
  347.47,   226.68,   354.49
  344.94,   227.26,   478.89
  349.37,   350.20,   229.44
  347.89,   350.31,   353.81
  345.77,   350.27,   478.36
  349.28,   475.58,   229.19
  348.12,   474.68,   353.47
  346.48,   474.51,   478.64
  100.47,   225.14,   351.07
   98.04,   227.49,   476.37
   94.51,   229.28,   601.33
   98.76,   349.52,   347.63
   95.38,   351.98,   472.40
   91.95,   354.18,   597.89
   97.26,   474.56,   344.80
   93.58,   476.85,   469.01
   90.24,   479.11,   595.12
  225.48,   227.05,   354.39
  222.19,   229.11,   478.79
  219.33,   230.84,   603.99
  224.21,   350.65,   350.68
  221.35,   352.88,   475.88
  217.60,   355.61,   601.21
  223.11,   474.61,   347.71
  220.04,   476.99,   473.15
  215.84,   480.10,   598.66
  349.21,   228.49,   358.17
  345.12,   231.26,   482.59
  341.90,   233.23,   607.54
  348.33,   351.90,   355.03
  345.21,   354.30,   479.97
  341.00,   357.13,   605.10
  347.87,   476.33,   352.46
  344.45,   478.21,   477.66
  340.42,   481.38,   603.38
  102.38,   224.34,   474.89
  106.08,   224.66,   599.85
  109.60,   225.22,   724.57
  104.48,   348.61,   472.08
  108.54,   349.65,   597.74
  112.23,   351.05,   723.88
  107.48,   473.46,   470.24
  111.19,   474.85,   596.31
  114.81,   476.41,   723.02
  226.56,   220.93,   470.61
  230.38,   221.40,   595.76
  234.52,   222.15,   721.21
  229.96,   344.78,   468.48
  233.74,   346.44,   594.20
  236.47,   347.70,   719.67
  233.84,   468.66,   467.05
  236.71,   470.65,   592.77
  239.11,   473.02,   718.79
  349.13,   218.16,   466.78
  352.77,   219.39,   591.88
  357.28,   219.89,   717.03
  353.71,   341.35,   465.22
  357.08,   342.67,   590.86
  360.39,   344.38,   716.65
  358.24,   465.19,   464.60
  361.34,   467.03,   590.02
  363.99,   469.10,   716.04
  102.34,   225.72,   602.45
  102.70,   225.07,   727.17
  103.23,   224.52,   851.42
  104.62,   350.55,   601.41
  105.57,   350.75,   727.09
  106.02,   350.91,   852.51
  107.24,   475.55,   600.47
  108.07,   476.49,   727.43
  109.26,   477.57,   852.99
  226.76,   222.21,   600.94
  227.91,   222.09,   726.63
  228.57,   221.42,   852.38
  229.83,   347.17,   600.48
  230.08,   347.65,   726.15
  230.68,   347.91,   851.04
  232.63,   471.52,   600.29
  232.37,   473.07,   725.82
  233.10,   474.42,   850.41
  349.12,   220.51,   599.87
  350.50,   219.71,   725.35
  352.68,   219.54,   851.66
  353.40,   343.79,   599.65
  353.83,   344.37,   725.92
  355.01,   345.10,   851.89
  357.44,   468.22,   600.42
  357.47,   469.21,   726.20
  358.05,   470.31,   851.46
  102.57,   348.28,    99.61
  103.65,   345.49,   223.31
  105.93,   342.82,   347.37
  103.21,   473.01,   102.44
  103.85,   470.20,   225.72
  105.44,   467.79,   349.11
  101.89,   598.66,   104.11
  103.19,   595.98,   227.86
  105.63,   592.83,   351.60
  226.19,   348.85,    97.18
  228.35,   345.71,   220.64
  231.02,   342.62,   344.56
  225.90,   473.70,    99.28
  227.55,   470.05,   222.06
  230.83,   466.86,   346.54
  226.25,   598.58,   101.42
  227.84,   596.06,   224.88
  230.99,   592.38,   349.13
  350.07,   348.18,    93.96
  352.73,   345.24,   219.29
  355.58,   342.82,   343.22
  349.50,   473.02,    96.29
  352.75,   470.44,   221.14
  355.96,   467.20,   345.69
  350.57,   598.50,    99.00
  353.52,   596.31,   223.75
  356.48,   593.05,   348.05
   99.86,   350.43,   223.90
   96.60,   353.83,   347.66
   93.45,   357.18,   472.11
   99.90,   475.48,   220.67
   95.95,   478.61,   343.50
   92.58,   482.06,   467.47
   98.69,   600.81,   216.74
   95.32,   603.73,   340.09
   92.96,   607.63,   464.82
  224.25,   350.98,   226.21
  222.17,   353.95,   350.37
  219.70,   357.73,   475.26
  223.59,   475.50,   222.04
  221.53,   477.94,   345.91
  218.75,   481.52,   471.34
  223.11,   601.72,   218.82
  220.65,   603.71,   342.76
  218.23,   606.72,   467.63
  348.85,   351.46,   230.08
  346.40,   354.53,   354.35
  343.65,   358.21,   478.85
  348.63,   476.64,   226.11
  346.67,   478.92,   350.48
  343.75,   482.55,   475.27
  348.68,   602.19,   222.68
  346.49,   605.27,   347.03
  343.13,   608.25,   472.16
  100.23,   349.92,   347.45
   98.00,   348.93,   472.21
   95.25,   347.76,   597.84
  102.75,   474.96,   348.17
   99.69,   473.81,   472.36
   96.94,   472.58,   598.34
  104.94,   600.20,   349.26
  102.93,   598.61,   474.19
  100.22,   598.37,   600.55
  225.87,   347.25,   349.76
  223.75,   346.33,   474.82
  220.82,   345.35,   600.27
  228.18,   471.21,   350.08
  226.02,   470.33,   475.68
  222.57,   469.88,   601.61
  230.75,   596.79,   351.97
  228.29,   595.24,   476.92
  224.65,   594.98,   603.13
  350.00,   345.08,   352.99
  347.46,   343.91,   477.92
  344.33,   343.27,   603.17
  353.17,   469.38,   354.30
  350.46,   467.81,   479.37
  347.26,   467.51,   604.83
  355.92,   595.06,   355.65
  352.90,   593.66,   481.05
  349.76,   593.07,   607.16
   99.45,   348.51,   472.85
  102.27,   347.58,   598.66
  105.05,   346.46,   724.47
   96.35,   473.44,   473.13
   99.07,   472.56,   598.97
  102.15,   472.04,   726.09
   94.48,   598.54,   474.91
   97.51,   598.22,   600.93
  100.09,   598.17,   727.92
  225.02,   350.68,   469.86
  227.68,   350.14,   595.78
  229.43,   349.01,   721.23
  222.73,   474.82,   470.90
  224.86,   474.57,   596.73
  226.12,   474.57,   722.72
  220.01,   599.60,   472.09
  222.20,   599.31,   598.38
  223.76,   600.09,   724.51
  348.91,   353.39,   467.93
  351.15,   352.31,   593.15
  353.37,   351.94,   719.24
  347.20,   477.13,   469.37
  349.47,   476.59,   594.84
  351.27,   476.90,   720.83
  344.79,   603.07,   470.90
  347.10,   602.27,   596.78
  349.45,   602.65,   722.87
  101.26,   350.01,   599.13
   98.01,   352.50,   725.32
   94.53,   355.14,   850.66
  100.01,   475.26,   596.52
   96.88,   478.32,   723.77
   93.76,   481.42,   849.34
  100.24,   600.75,   594.60
   96.67,   604.13,   721.81
   93.21,   607.16,   847.49
  226.41,   350.91,   602.49
  222.43,   353.29,   728.33
  218.87,   356.14,   853.17
  225.45,   475.53,   600.12
  220.87,   479.04,   725.92
  217.08,   482.63,   850.20
  224.59,   600.33,   598.32
  220.31,   604.47,   724.46
  217.27,   607.91,   849.53
  350.01,   351.69,   606.19
  346.35,   354.58,   732.19
  343.52,   357.60,   857.81
  350.07,   476.09,   604.46
  345.66,   479.73,   730.63
  342.30,   482.53,   855.29
  349.67,   601.59,   602.85
  345.97,   605.39,   728.92
  342.23,   607.90,   853.08
  100.24,   476.01,   102.87
   99.03,   477.95,   226.58
   98.35,   479.87,   349.84
   98.35,   602.03,    99.94
   97.59,   603.85,   224.28
   97.58,   605.34,   347.73
   95.80,   727.93,    96.40
   95.18,   730.01,   221.79
   96.82,   730.09,   346.55
  223.03,   477.71,   101.81
  222.73,   478.31,   224.92
  223.79,   479.68,   348.97
  222.12,   602.68,    99.35
  222.32,   604.48,   222.97
  222.92,   605.37,   347.13
  221.57,   727.47,    96.98
  221.73,   732.09,   222.19
  222.03,   732.48,   345.94
  346.75,   477.78,   100.96
  347.66,   479.67,   225.76
  349.22,   480.88,   350.14
  347.06,   603.11,    99.05
  347.90,   605.57,   223.82
  348.36,   607.03,   348.05
  348.63,   728.64,    97.70
  348.63,   731.50,   222.72
  347.79,   733.64,   346.24
  102.20,   475.40,   225.58
   98.65,   478.15,   348.53
   95.68,   480.42,   472.81
   99.85,   601.12,   222.47
   97.02,   603.36,   346.14
   94.64,   605.83,   470.65
   96.86,   727.33,   219.66
   95.36,   728.23,   344.47
   94.60,   730.75,   469.50
  225.74,   476.71,   226.54
  224.23,   478.73,   350.70
  222.08,   481.30,   475.73
  224.44,   603.16,   224.01
  222.19,   604.26,   348.19
  219.88,   606.14,   473.35
  223.13,   730.50,   223.00
  220.51,   731.24,   346.67
  217.92,   732.01,   470.30
  350.71,   478.99,   230.35
  349.43,   480.63,   354.54
  346.97,   483.14,   479.45
  350.14,   604.97,   227.65
  347.88,   606.92,   352.10
  345.15,   609.00,   477.35
  349.83,   730.87,   225.82
  346.05,   733.50,   349.56
  342.51,   735.87,   474.17
   98.47,   473.01,   350.65
   99.50,   470.50,   474.90
  100.48,   468.29,   601.02
   96.72,   598.08,   352.96
   98.21,   595.63,   477.94
   99.25,   593.57,   604.17
   95.54,   723.10,   356.77
   97.99,   720.45,   481.88
   99.13,   719.05,   607.94
  224.38,   473.71,   349.13
  226.02,   471.28,   474.16
  226.33,   469.54,   600.11
  222.11,   599.23,   351.57
  223.69,   596.24,   477.05
  224.01,   594.63,   602.97
  220.24,   726.02,   355.08
  221.30,   721.90,   479.39
  222.10,   719.82,   605.69
  349.34,   475.99,   349.17
  350.62,   473.28,   474.50
  350.80,   471.36,   599.92
  347.70,   602.12,   352.15
  348.51,   599.05,   477.46
  349.07,   596.85,   603.47
  345.83,   728.55,   354.69
  345.74,   726.10,   479.29
  347.26,   723.65,   606.28
  101.51,   475.59,   473.47
  103.46,   475.92,   599.75
  105.53,   477.01,   726.81
  105.69,   600.39,   473.89
  107.57,   601.41,   599.99
  109.22,   602.56,   727.05
  110.16,   725.21,   474.87
  112.16,   726.46,   601.08
  113.57,   728.03,   727.24
  227.60,   471.01,   471.87
  228.91,   472.01,   597.87
  229.40,   473.42,   723.99
  230.75,   595.96,   471.84
  232.29,   597.05,   598.26
  233.17,   598.79,   724.42
  233.76,   721.54,   471.78
  235.63,   721.91,   598.19
  238.09,   723.62,   725.77
  352.29,   467.45,   471.12
  353.59,   468.24,   596.77
  354.70,   469.94,   722.85
  355.67,   593.17,   471.31
  357.34,   594.06,   597.30
  358.74,   595.30,   723.58
  358.64,   720.49,   471.21
  360.40,   720.68,   597.71
  363.58,   721.24,   724.40
   99.99,   473.30,   599.38
   97.71,   473.06,   726.64
   95.08,   472.79,   852.02
  100.15,   599.04,   601.29
   97.51,   598.80,   728.37
   94.98,   598.34,   853.88
  100.65,   724.28,   603.58
   97.34,   724.52,   729.69
   93.96,   723.26,   854.22
  225.45,   473.69,   602.16
  221.48,   473.80,   727.97
  218.85,   474.05,   852.48
  224.63,   598.46,   603.71
  220.97,   599.21,   730.25
  218.55,   599.20,   855.01
  223.83,   723.55,   605.07
  221.70,   724.36,   732.91
  219.64,   723.83,   859.03
  350.10,   474.26,   605.79
  346.68,   474.55,   731.62
  344.06,   473.93,   856.43
  349.51,   599.65,   607.54
  346.45,   600.20,   733.62
  343.85,   599.00,   858.06
  349.03,   726.46,   609.04
  347.68,   725.56,   736.08
  345.16,   723.63,   859.87
  100.82,   602.59,    99.33
  101.03,   601.98,   223.63
  102.10,   601.16,   347.11
   99.36,   728.38,    97.70
  100.14,   728.27,   223.30
  102.53,   726.47,   348.20
   98.59,   852.00,    97.56
  100.59,   854.25,   223.03
  102.94,   852.12,   348.15
  225.15,   602.01,    97.59
  225.91,   601.90,   221.44
  227.55,   600.58,   345.69
  225.42,   727.10,    97.83
  226.58,   729.28,   222.96
  227.38,   727.31,   346.68
  224.97,   852.03,    98.32
  226.71,   854.99,   224.75
  227.51,   852.78,   345.79
  349.45,   601.52,    96.59
  351.38,   601.83,   221.48
  353.00,   601.00,   345.61
  352.25,   727.24,    97.57
  353.36,   727.63,   222.19
  353.37,   727.55,   345.99
  354.31,   851.70,    98.18
  355.18,   852.03,   222.88
  352.69,   851.69,   344.57
   98.97,   600.57,   224.55
  100.89,   598.32,   347.80
  103.36,   597.02,   472.49
  100.51,   726.97,   225.36
  104.18,   723.59,   350.27
  107.67,   721.63,   474.96
  103.63,   852.70,   226.33
  107.23,   849.09,   351.40
  110.72,   846.22,   476.22
  223.63,   597.84,   221.08
  226.64,   594.74,   345.49
  228.98,   592.85,   470.67
  227.15,   724.86,   223.71
  229.35,   721.71,   347.73
  231.27,   718.61,   471.77
  230.03,   850.50,   227.05
  231.61,   847.23,   348.44
  233.47,   844.48,   471.38
  348.95,   594.78,   220.33
  351.71,   592.85,   344.50
  353.87,   590.97,   469.70
  353.40,   720.60,   222.29
  354.93,   719.41,   346.17
  355.91,   717.85,   470.88
  358.31,   844.94,   224.12
  357.04,   843.77,   346.08
  357.68,   843.21,   469.67
   99.10,   600.76,   349.26
  102.36,   603.42,   473.98
  105.64,   606.48,   600.35
   99.46,   725.96,   347.70
  103.96,   728.13,   472.88
  107.01,   731.63,   598.90
   99.43,   851.58,   345.31
  103.91,   852.86,   470.13
  107.01,   855.23,   595.53
  224.31,   600.26,   345.93
  227.87,   602.19,   470.95
  230.54,   605.64,   597.11
  224.15,   727.11,   344.16
  227.24,   727.70,   468.26
  230.30,   730.39,   594.78
  224.11,   852.49,   341.21
  226.99,   853.17,   463.98
  230.48,   855.68,   590.82
  349.90,   600.67,   344.12
  353.04,   602.71,   469.20
  355.39,   606.12,   595.14
  350.24,   727.52,   341.78
  352.37,   730.01,   466.29
  355.37,   732.70,   592.90
  349.56,   851.66,   338.10
  351.16,   855.08,   460.89
  355.38,   858.11,   588.72
  101.23,   600.03,   473.13
   99.72,   600.78,   599.48
   97.73,   602.11,   726.35
  104.32,   724.51,   473.96
  102.51,   726.27,   600.14
   99.93,   727.85,   726.26
  105.84,   849.14,   473.64
  103.92,   849.55,   599.46
  101.27,   851.03,   725.15
  226.62,   597.09,   474.93
  224.13,   598.08,   601.25
  221.55,   600.06,   727.50
  227.56,   722.84,   474.85
  225.80,   723.32,   601.15
  224.34,   725.49,   728.96
  228.67,   848.44,   472.61
  227.49,   848.36,   599.68
  226.47,   850.10,   729.58
  351.71,   596.45,   478.22
  349.39,   597.26,   604.19
  346.90,   599.04,   730.44
  352.55,   723.13,   477.88
  350.72,   723.54,   604.32
  349.87,   724.65,   731.44
  352.93,   848.84,   474.82
  352.48,   849.42,   603.32
  353.54,   848.62,   732.03
  100.97,   601.51,   601.39
  100.86,   601.30,   728.31
  100.67,   600.06,   853.79
  100.91,   727.15,   604.31
   99.69,   726.47,   730.29
   98.80,   725.05,   855.49
   99.26,   850.49,   605.82
   97.86,   850.05,   731.25
   97.03,   849.31,   855.75
  225.80,   602.21,   601.87
  224.70,   602.21,   728.30
  224.47,   601.75,   853.07
  224.37,   727.32,   603.80
  224.11,   727.26,   731.49
  224.93,   726.22,   857.53
  222.64,   852.39,   604.46
  223.06,   852.31,   734.18
  223.41,   851.40,   861.78
  350.81,   604.26,   603.40
  350.07,   604.36,   729.41
  349.90,   602.73,   853.63
  349.14,   731.15,   605.49
  350.29,   729.96,   732.21
  350.03,   727.55,   856.15
  347.65,   856.16,   605.89
  350.39,   853.73,   735.00
  351.43,   850.89,   859.39
  227.45,   102.11,   100.39
  230.67,   101.69,   225.98
  233.26,   100.48,   350.91
  230.57,   226.90,   101.81
  233.53,   227.24,   226.52
  236.58,   225.83,   350.89
  232.86,   351.95,   102.48
  235.64,   350.60,   226.29
  239.31,   349.35,   350.18
  352.42,    99.49,    97.76
  354.86,    98.72,   223.25
  357.34,    97.88,   348.07
  354.80,   223.48,    97.97
  357.98,   222.95,   224.08
  360.38,   222.92,   348.23
  356.91,   348.37,    98.86
  360.39,   347.29,   224.28
  363.71,   346.53,   348.11
  476.73,    96.62,    94.44
  479.35,    95.51,   219.84
  481.56,    94.56,   344.70
  479.82,   220.57,    94.42
  482.88,   219.05,   220.32
  484.76,   219.78,   345.02
  482.13,   344.98,    95.53
  485.88,   344.51,   221.63
  488.62,   344.18,   345.76
  226.41,   102.84,   227.47
  227.58,   100.63,   352.52
  228.97,    98.21,   477.04
  227.70,   228.04,   229.27
  228.99,   226.20,   353.69
  230.57,   223.69,   478.09
  228.56,   351.53,   229.82
  230.31,   349.38,   354.20
  232.08,   348.06,   478.88
  350.94,   101.48,   226.71
  351.63,    99.32,   351.51
  352.46,    97.43,   475.93
  352.43,   226.00,   228.32
  353.06,   224.49,   352.40
  353.40,   223.38,   476.84
  353.20,   350.26,   229.64
  354.82,   348.40,   353.81
  356.00,   346.68,   478.47
  475.42,    99.26,   224.52
  475.96,    97.91,   349.86
  477.02,    96.68,   475.17
  477.31,   223.31,   226.77
  477.62,   222.85,   350.94
  477.89,   222.37,   476.20
  478.67,   348.92,   229.20
  479.66,   347.05,   352.84
  480.29,   345.49,   477.54
  227.51,   100.01,   351.09
  229.66,    97.69,   476.12
  231.95,    96.10,   600.68
  230.74,   225.39,   351.71
  232.92,   223.49,   476.41
  235.16,   221.91,   601.66
  233.81,   348.53,   352.01
  236.15,   347.51,   477.00
  237.99,   346.80,   602.66
  351.47,    96.70,   349.46
  352.95,    95.41,   474.16
  354.87,    94.44,   598.53
  354.73,   222.19,   350.22
  355.82,   221.44,   474.78
  357.90,   220.10,   599.37
  358.24,   345.62,   350.62
  360.06,   344.63,   475.50
  361.46,   343.66,   600.76
  475.65,    93.64,   347.20
  477.37,    92.82,   472.22
  479.49,    92.36,   596.89
  479.10,   218.59,   347.99
  480.27,   218.57,   472.89
  481.94,   217.65,   598.08
  483.01,   342.82,   349.12
  484.32,   341.44,   473.85
  485.86,   340.56,   599.26
  224.84,    98.84,   475.61
  226.78,    96.96,   600.14
  228.63,    95.85,   724.85
  223.63,   224.17,   476.22
  225.57,   223.02,   601.15
  227.52,   221.18,   727.17
  222.17,   348.43,   476.30
  223.44,   347.66,   602.06
  224.48,   347.15,   727.87
  348.27,   101.00,   474.09
  349.82,   100.06,   598.40
  351.67,    99.56,   723.35
  346.60,   227.15,   474.62
  347.96,   226.14,   599.26
  350.30,   224.54,   725.13
  346.02,   350.32,   475.14
  347.14,   349.68,   600.58
  348.32,   349.16,   726.54
  472.82,   103.52,   472.61
  474.46,   102.75,   597.47
  476.13,   102.02,   722.16
  470.78,   229.01,   473.12
  472.03,   228.20,   598.19
  474.31,   227.07,   722.85
  470.26,   351.71,   474.02
  471.29,   351.07,   599.39
  473.31,   350.47,   725.48
  224.74,    98.38,   601.07
  226.75,    94.74,   725.59
  228.64,    91.02,   851.78
  227.03,   224.33,   604.34
  229.28,   220.51,   729.94
  231.21,   216.64,   855.67
  228.26,   349.03,   607.41
  229.71,   346.00,   732.98
  231.69,   342.86,   857.72
  347.34,    97.89,   598.86
  349.96,    94.96,   723.77
  352.33,    90.02,   849.11
  349.41,   223.68,   602.14
  351.84,   219.86,   727.69
  355.26,   216.33,   853.74
  351.85,   347.32,   605.35
  353.56,   344.42,   731.28
  356.08,   342.01,   857.14
  471.99,    97.11,   597.11
  474.25,    93.94,   721.93
  476.51,    89.04,   846.25
  473.26,   222.38,   600.38
  476.10,   219.02,   725.10
  479.21,   214.31,   850.96
  475.97,   345.41,   603.71
  478.24,   342.18,   729.79
  481.10,   339.36,   856.15
  225.06,   227.65,    99.65
  223.28,   225.35,   224.60
  221.47,   222.19,   348.94
  225.95,   352.39,   102.74
  223.91,   348.83,   226.14
  222.52,   345.40,   350.62
  226.98,   477.40,   105.41
  224.80,   473.34,   228.57
  223.86,   469.58,   352.64
  349.61,   225.33,   101.08
  347.80,   222.92,   226.96
  345.37,   220.59,   351.00
  349.82,   350.44,   103.83
  348.51,   347.45,   229.04
  347.05,   344.52,   353.18
  351.05,   475.74,   107.03
  349.69,   472.59,   231.71
  349.01,   468.47,   356.08
  474.42,   224.34,   102.21
  472.38,   220.58,   228.08
  469.82,   218.99,   352.62
  475.42,   348.50,   105.75
  473.82,   345.85,   231.50
  471.63,   343.09,   355.77
  476.24,   473.49,   109.62
  475.74,   471.39,   235.07
  473.95,   468.09,   358.92
  223.87,   224.86,   227.36
  226.42,   223.44,   351.94
  229.49,   222.44,   476.30
  224.09,   348.08,   226.95
  227.48,   347.04,   351.13
  230.38,   346.56,   476.22
  224.81,   472.66,   226.87
  228.34,   471.07,   351.36
  231.40,   470.57,   476.63
  348.44,   222.78,   225.13
  350.34,   222.33,   349.67
  352.33,   222.29,   473.91
  348.75,   347.16,   225.29
  351.89,   346.13,   349.58
  354.19,   345.50,   474.32
  350.04,   472.02,   225.82
  353.54,   470.68,   350.03
  356.27,   469.34,   475.20
  473.13,   220.55,   222.23
  474.87,   220.80,   346.43
  476.77,   221.72,   471.56
  474.30,   346.15,   223.45
  476.85,   345.23,   347.46
  478.45,   344.77,   472.30
  475.68,   471.59,   224.56
  478.63,   470.35,   348.52
  480.67,   468.65,   472.97
  225.84,   226.35,   348.61
  229.25,   225.43,   473.36
  232.22,   225.02,   598.69
  224.35,   349.70,   347.67
  227.69,   349.76,   472.70
  230.42,   349.64,   598.34
  222.95,   473.67,   347.08
  226.48,   473.78,   472.22
  228.78,   474.41,   598.30
  349.51,   227.50,   346.12
  352.23,   227.88,   470.25
  354.99,   228.05,   595.44
  348.73,   351.28,   345.41
  351.66,   351.02,   470.17
  353.96,   351.21,   595.45
  347.90,   475.44,   345.54
  350.92,   475.14,   470.58
  353.45,   475.51,   596.35
  474.43,   228.19,   342.70
  476.52,   229.35,   468.02
  478.96,   229.84,   593.11
  473.83,   352.88,   343.22
  475.82,   352.51,   467.67
  478.53,   352.78,   593.17
  473.17,   477.53,   343.82
  475.78,   476.59,   468.14
  477.89,   476.45,   593.71
  226.55,   227.22,   473.28
  229.32,   228.64,   598.62
  231.92,   229.86,   724.02
  226.00,   351.06,   470.68
  227.97,   353.44,   596.08
  229.41,   355.61,   721.78
  224.93,   475.38,   468.25
  226.29,   477.74,   594.32
  227.48,   481.35,   720.22
  349.76,   228.86,   470.97
  351.86,   230.91,   595.98
  354.66,   232.57,   721.56
  349.90,   352.40,   468.69
  351.44,   354.60,   594.07
  353.72,   356.93,   719.97
  349.42,   476.30,   467.00
  351.24,   478.79,   592.77
  352.54,   481.85,   718.85
  473.81,   230.10,   469.05
  475.88,   232.56,   593.84
  478.89,   234.28,   718.94
  473.89,   353.21,   466.66
  475.64,   355.38,   591.98
  478.17,   357.38,   718.20
  474.05,   477.56,   465.26
  475.59,   479.29,   590.61
  477.59,   482.01,   716.78
  228.39,   223.94,   600.82
  230.30,   224.55,   726.83
  231.74,   225.68,   852.44
  224.68,   348.87,   599.34
  225.51,   350.14,   724.92
  227.35,   351.77,   849.91
  220.95,   473.25,   597.83
  221.51,   476.03,   723.58
  222.94,   478.47,   848.14
  350.85,   228.54,   599.04
  353.10,   229.32,   724.48
  355.65,   230.38,   850.70
  348.06,   351.88,   597.89
  349.63,   353.67,   723.57
  351.76,   355.82,   849.79
  345.83,   476.23,   597.17
  346.56,   478.98,   723.29
  348.01,   481.02,   848.26
  474.72,   232.26,   597.70
  477.08,   233.43,   722.53
  480.11,   233.51,   848.94
  472.57,   354.98,   596.24
  474.52,   356.65,   722.31
  476.51,   358.52,   849.03
  470.26,   478.89,   595.44
  471.66,   481.05,   721.92
  473.85,   483.07,   847.79
  226.26,   349.13,    99.29
  227.86,   349.07,   222.99
  229.79,   349.13,   347.26
  224.17,   474.03,    98.69
  225.11,   473.24,   221.62
  227.45,   473.19,   345.92
  221.97,   599.04,    97.75
  222.87,   599.51,   221.08
  225.19,   598.73,   345.52
  350.23,   350.56,    97.05
  352.28,   351.21,   222.20
  354.10,   351.42,   346.25
  347.55,   475.97,    96.48
  350.04,   476.16,   221.19
  352.41,   476.16,   345.59
  346.46,   601.18,    96.01
  348.55,   601.93,   220.93
  350.47,   602.14,   345.10
  475.53,   352.59,    95.18
  477.79,   353.41,   221.43
  479.30,   353.97,   345.48
  472.95,   477.04,    95.12
  475.93,   478.98,   221.25
  477.48,   479.02,   345.33
  471.51,   603.21,    94.74
  474.00,   603.95,   220.29
  475.69,   604.74,   344.57
  223.21,   349.61,   224.90
  220.52,   345.63,   348.69
  217.72,   342.23,   473.98
  222.32,   473.94,   227.37
  220.15,   469.47,   351.74
  217.31,   466.16,   476.94
  222.29,   600.10,   231.39
  219.49,   595.06,   355.37
  216.68,   590.99,   480.54
  347.80,   349.48,   228.91
  344.87,   346.12,   352.81
  341.48,   342.73,   477.51
  347.35,   474.52,   232.04
  345.03,   470.05,   356.18
  342.12,   466.57,   481.19
  347.68,   600.38,   235.67
  345.19,   596.27,   359.97
  341.70,   591.97,   485.07
  473.26,   349.85,   232.70
  469.70,   346.24,   356.66
  465.54,   343.00,   481.36
  472.99,   475.33,   236.58
  470.17,   470.99,   360.72
  466.29,   466.63,   485.13
  473.27,   600.20,   240.03
  470.43,   596.71,   364.16
  466.48,   593.19,   489.34
  224.57,   350.59,   350.73
  226.53,   352.39,   475.44
  228.11,   354.85,   601.27
  221.32,   474.43,   348.08
  223.50,   476.31,   473.26
  224.38,   479.33,   599.19
  218.60,   599.95,   346.40
  220.13,   601.40,   471.26
  221.20,   604.33,   597.52
  348.87,   353.31,   349.79
  350.46,   355.32,   474.55
  351.71,   357.66,   599.76
  346.37,   477.89,   347.64
  348.45,   479.31,   472.84
  349.16,   481.89,   598.56
  344.01,   603.75,   345.77
  345.41,   605.33,   471.22
  346.58,   607.47,   597.29
  473.53,   356.32,   348.48
  474.76,   358.34,   473.24
  475.76,   360.41,   598.56
  471.52,   481.20,   346.97
  472.60,   482.33,   471.70
  473.86,   484.45,   596.96
  469.31,   606.93,   345.18
  470.07,   609.00,   470.28
  471.42,   611.08,   595.99
  227.32,   348.05,   473.52
  228.84,   345.24,   599.13
  230.08,   342.54,   724.68
  225.82,   472.15,   475.94
  226.65,   469.78,   602.04
  227.46,   468.45,   727.81
  223.68,   597.03,   479.18
  224.72,   595.02,   605.23
  225.70,   593.47,   731.57
  351.36,   349.73,   472.15
  352.36,   347.43,   597.39
  354.23,   344.75,   723.37
  350.31,   473.79,   475.20
  351.23,   471.31,   600.90
  352.44,   469.90,   727.09
  348.62,   599.51,   478.89
  349.93,   597.08,   604.68
  351.18,   595.48,   731.02
  475.49,   351.69,   470.85
  476.84,   348.89,   596.17
  478.78,   346.21,   722.21
  474.81,   475.44,   474.09
  476.04,   472.66,   599.58
  477.36,   470.73,   725.90
  473.43,   601.81,   477.98
  474.80,   598.99,   603.32
  477.05,   596.65,   728.84
  225.17,   348.01,   598.62
  226.16,   351.54,   724.32
  227.50,   355.04,   849.24
  227.42,   472.27,   594.90
  227.42,   477.17,   720.82
  228.91,   481.69,   845.42
  229.60,   597.03,   592.22
  230.14,   602.23,   718.35
  232.02,   606.71,   843.62
  348.80,   345.55,   597.10
  350.19,   349.21,   723.36
  351.98,   353.23,   849.12
  351.93,   469.57,   594.57
  352.48,   474.04,   720.52
  353.76,   478.52,   845.65
  354.66,   595.19,   591.89
  355.60,   599.77,   718.05
  357.11,   603.50,   842.39
  472.80,   342.88,   596.03
  474.85,   346.25,   722.03
  476.90,   350.05,   848.79
  476.41,   466.46,   593.13
  477.61,   470.53,   719.57
  479.46,   474.75,   845.54
  479.42,   592.79,   590.91
  481.10,   596.84,   716.20
  483.25,   600.25,   841.55
  223.52,   474.20,   100.60
  224.33,   470.38,   223.27
  227.29,   467.25,   347.53
  226.12,   599.13,   102.36
  227.23,   596.38,   225.72
  229.59,   593.02,   350.01
  228.75,   724.07,   104.70
  230.57,   723.96,   229.61
  231.89,   719.56,   353.32
  347.28,   470.92,    98.36
  349.26,   468.42,   223.29
  352.01,   465.37,   347.40
  350.70,   596.56,   100.89
  352.57,   594.22,   225.46
  354.83,   591.48,   349.67
  355.74,   722.18,   103.61
  356.68,   719.96,   228.64
  357.34,   717.91,   352.05
  472.36,   467.54,    97.14
  475.32,   466.52,   222.83
  477.19,   463.71,   347.03
  475.70,   593.73,    99.09
  478.22,   591.65,   225.03
  480.16,   589.32,   349.20
  480.67,   719.77,   101.25
  482.24,   715.78,   226.38
  482.73,   714.78,   350.58
  225.72,   475.61,   222.54
  223.98,   474.02,   347.04
  221.63,   473.73,   472.12
  225.53,   602.05,   223.73
  223.69,   599.92,   348.02
  221.01,   598.49,   472.75
  225.67,   729.36,   225.74
  222.99,   726.88,   349.38
  220.00,   724.29,   473.43
  350.71,   476.72,   226.78
  349.22,   474.85,   350.93
  346.46,   474.05,   476.08
  351.33,   602.67,   227.50
  348.87,   600.93,   352.05
  346.09,   599.81,   477.10
  352.29,   728.30,   229.20
  348.70,   727.90,   352.86
  344.54,   726.94,   477.59
  476.64,   477.61,   230.84
  474.09,   476.06,   355.02
  470.91,   474.57,   479.40
  476.64,   602.67,   231.35
  474.27,   601.91,   355.64
  470.75,   601.16,   480.66
  477.54,   726.85,   231.07
  473.69,   727.50,   355.54
  469.80,   728.74,   481.02
  226.80,   474.45,   347.08
  224.77,   475.42,   472.54
  221.82,   476.93,   598.10
  228.83,   600.15,   346.71
  226.52,   600.05,   471.67
  223.32,   601.88,   597.88
  230.48,   727.03,   346.95
  228.03,   725.94,   471.09
  225.29,   726.67,   597.42
  352.03,   473.04,   351.18
  349.67,   473.17,   476.23
  346.49,   474.91,   601.70
  354.46,   598.96,   350.76
  351.53,   599.08,   475.95
  348.28,   600.55,   601.75
  356.28,   725.50,   349.82
  352.57,   725.97,   474.87
  350.19,   726.93,   601.28
  477.11,   471.70,   354.68
  473.95,   471.70,   479.23
  470.68,   472.38,   604.63
  479.28,   597.34,   353.79
  476.25,   598.04,   478.96
  473.45,   599.05,   604.62
  481.52,   722.72,   352.82
  478.08,   725.65,   478.05
  475.41,   727.05,   604.75
  225.18,   472.71,   475.20
  225.88,   470.76,   600.88
  225.79,   469.61,   726.87
  223.45,   597.79,   478.11
  224.25,   595.78,   604.05
  224.52,   594.68,   730.71
  221.48,   723.25,   480.72
  222.65,   720.87,   607.34
  224.34,   719.69,   735.11
  350.07,   474.25,   474.76
  350.32,   472.26,   600.67
  350.93,   470.56,   726.49
  348.44,   600.10,   478.09
  349.08,   597.83,   604.33
  349.92,   596.22,   730.35
  346.17,   727.07,   480.49
  347.49,   724.27,   607.43
  350.17,   721.87,   734.01
  474.61,   475.73,   474.14
  474.89,   473.14,   599.50
  476.05,   471.23,   725.72
  473.13,   602.22,   477.75
  474.31,   599.57,   603.36
  475.57,   597.56,   728.90
  471.33,   729.76,   480.53
  473.24,   727.51,   607.03
  475.96,   724.25,   733.01
  224.10,   476.21,   597.82
  224.62,   480.53,   723.67
  226.57,   484.79,   848.21
  221.90,   600.93,   595.37
  223.13,   605.47,   721.88
  225.32,   609.86,   846.62
  220.14,   725.77,   592.52
  222.55,   730.61,   720.45
  225.26,   734.33,   846.89
  348.77,   477.93,   596.71
  349.80,   482.17,   722.95
  351.89,   485.71,   847.86
  347.08,   603.31,   594.45
  348.68,   607.92,   720.79
  350.55,   611.14,   844.98
  344.84,   729.70,   591.71
  348.26,   733.54,   719.02
  350.64,   735.92,   843.21
  473.39,   479.40,   595.21
  475.22,   483.07,   721.09
  477.42,   486.99,   847.09
  472.04,   605.89,   593.08
  474.28,   609.51,   718.58
  476.80,   612.25,   843.52
  470.20,   733.57,   590.82
  474.03,   736.07,   717.17
  476.29,   737.41,   840.42
  222.92,   599.69,   100.57
  224.01,   602.11,   223.96
  225.61,   603.26,   348.11
  219.74,   724.76,    97.82
  220.90,   729.21,   222.96
  221.93,   729.92,   346.72
  215.28,   849.45,    96.04
  217.27,   855.13,   222.58
  218.15,   855.32,   343.77
  347.67,   602.97,    99.05
  349.53,   605.66,   223.74
  351.15,   607.50,   348.33
  346.60,   728.54,    97.67
  347.42,   731.61,   222.42
  347.70,   733.82,   345.77
  344.25,   852.72,    95.90
  345.82,   855.70,   220.43
  343.52,   857.84,   342.34
  472.63,   606.51,    97.83
  475.05,   608.72,   223.46
  476.63,   610.92,   347.75
  472.19,   732.63,    95.60
  473.25,   732.98,   220.16
  473.32,   736.36,   344.54
  470.69,   857.22,    94.69
  471.83,   856.86,   217.02
  468.96,   860.18,   340.74
  222.48,   599.85,   222.60
  223.53,   597.66,   346.53
  223.87,   596.18,   471.63
  225.78,   727.08,   224.65
  225.81,   724.35,   348.14
  225.81,   721.73,   472.30
  228.44,   852.85,   226.87
  228.04,   850.20,   348.26
  228.28,   847.66,   471.43
  347.82,   597.07,   223.45
  348.71,   595.58,   347.50
  348.92,   594.36,   472.91
  352.18,   722.81,   224.73
  351.46,   722.38,   348.70
  350.82,   721.53,   473.20
  356.49,   847.52,   226.23
  353.37,   846.72,   347.98
  352.03,   846.79,   471.68
  473.62,   594.01,   224.35
  473.93,   593.29,   348.22
  473.67,   592.43,   473.43
  477.73,   718.60,   223.95
  476.72,   718.91,   348.59
  475.95,   719.91,   474.06
  482.44,   842.48,   223.75
  478.81,   843.20,   347.71
  477.38,   844.76,   473.00
  224.61,   599.37,   347.40
  226.05,   599.62,   472.75
  227.24,   600.82,   598.79
  224.16,   726.38,   347.83
  225.52,   724.98,   471.78
  227.12,   726.01,   598.30
  223.38,   851.77,   346.44
  224.96,   850.60,   469.33
  226.85,   851.16,   596.50
  349.73,   600.43,   347.03
  351.40,   600.51,   472.35
  352.18,   601.61,   598.30
  349.92,   727.36,   346.49
  350.27,   727.62,   471.55
  351.89,   728.56,   598.02
  348.72,   851.39,   344.65
  348.94,   852.79,   468.24
  351.89,   853.84,   596.38
  475.16,   601.01,   346.34
  476.23,   601.61,   471.57
  477.33,   602.64,   597.21
  475.24,   726.51,   345.18
  475.70,   729.02,   470.81
  477.26,   730.38,   597.27
  474.20,   850.68,   343.07
  473.90,   853.56,   468.13
  477.43,   855.69,   596.38
  223.70,   597.44,   473.90
  221.26,   597.35,   600.36
  218.74,   598.41,   726.74
  223.53,   723.32,   474.86
  221.62,   722.41,   601.31
  220.35,   723.41,   729.08
  223.36,   848.82,   474.26
  222.46,   847.76,   601.32
  221.49,   848.15,   730.74
  348.47,   598.01,   477.03
  346.24,   597.59,   603.41
  344.15,   598.00,   729.22
  348.16,   725.17,   477.74
  346.70,   724.20,   604.35
  346.23,   723.69,   731.36
  347.75,   850.22,   476.09
  347.35,   849.69,   604.37
  348.38,   848.13,   733.38
  473.58,   598.24,   479.77
  471.35,   597.47,   605.37
  469.53,   597.15,   730.99
  473.62,   725.74,   480.34
  472.12,   725.44,   607.20
  472.15,   723.87,   733.09
  472.82,   850.50,   479.77
  472.99,   850.89,   607.79
  474.36,   848.31,   735.65
  225.68,   598.83,   601.46
  226.09,   597.05,   727.51
  227.26,   595.03,   852.25
  228.54,   723.90,   604.93
  230.26,   722.40,   732.74
  232.18,   719.16,   858.59
  231.97,   849.01,   607.83
  234.07,   846.91,   737.03
  235.67,   844.23,   864.53
  350.82,   596.27,   601.07
  351.45,   594.64,   727.36
  352.44,   591.16,   851.63
  353.57,   722.92,   604.89
  355.96,   720.15,   731.80
  357.55,   715.97,   855.44
  356.62,   848.50,   607.61
  361.20,   844.27,   736.70
  363.04,   839.68,   860.27
  475.39,   593.98,   600.10
  477.05,   590.79,   725.90
  478.82,   587.55,   850.80
  478.73,   721.94,   604.71
  481.78,   717.62,   730.66
  482.84,   712.50,   853.51
  482.41,   847.35,   608.16
  486.61,   842.09,   735.67
  486.91,   836.55,   856.59
  350.89,   102.03,   100.08
  347.54,   102.59,   225.68
  343.39,   102.24,   350.49
  347.43,   226.23,   100.16
  344.12,   226.97,   225.84
  340.19,   227.26,   349.84
  343.31,   351.24,    99.98
  340.39,   350.93,   224.99
  337.63,   350.93,   348.89
  475.59,   105.59,   103.33
  471.72,   105.09,   228.51
  467.63,   105.26,   353.38
  472.28,   229.34,   102.57
  468.69,   228.94,   228.51
  464.89,   230.36,   352.88
  468.23,   354.08,   102.96
  465.66,   354.38,   228.84
  462.47,   354.53,   352.94
  599.98,   108.22,   105.78
  596.49,   107.55,   230.83
  593.47,   107.91,   356.52
  597.63,   233.16,   105.91
  594.22,   231.73,   230.57
  590.72,   232.75,   355.65
  594.70,   357.06,   107.79
  591.81,   357.73,   231.96
  587.49,   357.99,   356.19
  350.14,    99.44,   225.81
  347.64,    98.09,   350.42
  345.47,    97.28,   475.19
  350.03,   223.47,   226.41
  347.25,   223.62,   350.61
  345.10,   223.34,   475.08
  348.96,   348.14,   226.72
  347.44,   347.25,   351.00
  345.80,   346.42,   475.67
  474.72,    99.07,   226.83
  471.93,    98.40,   351.93
  469.92,    98.04,   477.44
  474.69,   222.77,   228.02
  471.83,   223.50,   352.42
  469.33,   224.05,   477.38
  474.63,   348.24,   229.39
  472.24,   347.67,   353.42
  469.76,   346.80,   477.91
  599.65,    98.54,   227.83
  597.94,    98.16,   353.52
  596.46,    98.27,   479.26
  600.24,   223.09,   228.41
  597.89,   223.06,   353.67
  595.59,   223.33,   479.88
  600.44,   348.58,   230.71
  597.71,   348.20,   354.70
  595.07,   347.10,   480.05
  350.13,   100.85,   351.53
  350.98,   103.61,   476.14
  352.58,   106.77,   600.80
  351.39,   226.20,   348.40
  352.33,   229.52,   472.75
  353.88,   232.14,   597.95
  353.18,   349.73,   345.28
  354.67,   352.30,   469.79
  355.80,   355.62,   595.23
  474.60,    99.47,   349.80
  475.60,   102.89,   475.06
  477.08,   106.18,   599.63
  476.19,   224.23,   346.50
  476.85,   228.33,   471.67
  478.10,   231.25,   596.97
  478.37,   348.46,   344.13
  478.91,   351.29,   468.68
  479.97,   354.28,   594.25
  600.11,    97.66,   347.73
  602.01,   100.90,   473.73
  604.25,   104.20,   598.47
  601.92,   222.02,   344.45
  603.41,   225.90,   470.58
  604.88,   228.88,   596.28
  603.59,   347.56,   342.29
  604.37,   349.95,   467.42
  605.87,   351.92,   592.89
  350.08,   101.20,   474.21
  353.23,   103.88,   598.58
  357.45,   106.11,   723.35
  348.43,   227.10,   471.03
  351.99,   229.28,   596.03
  355.81,   231.47,   721.60
  347.88,   350.53,   468.37
  351.12,   353.15,   593.80
  354.19,   355.97,   719.65
  474.33,   103.28,   470.63
  477.63,   106.11,   595.54
  481.57,   109.01,   719.75
  472.51,   228.90,   468.05
  475.69,   231.49,   592.83
  479.99,   233.68,   717.62
  472.28,   352.02,   465.43
  474.99,   354.16,   590.62
  478.96,   356.85,   716.72
  600.97,   104.52,   467.15
  604.57,   107.15,   592.23
  608.41,   109.12,   717.05
  599.05,   229.14,   464.38
  602.62,   231.66,   590.39
  606.46,   233.65,   714.71
  597.65,   353.26,   462.18
  600.62,   354.99,   587.30
  604.34,   356.90,   712.92
  348.88,   101.90,   597.93
  350.44,   103.28,   722.82
  352.41,   102.96,   848.23
  348.90,   227.74,   596.77
  350.61,   228.32,   722.04
  352.84,   229.10,   848.64
  349.68,   351.20,   595.64
  350.39,   352.90,   721.43
  352.14,   354.59,   847.57
  473.10,   102.55,   597.22
  474.71,   104.16,   721.78
  476.02,   103.35,   846.48
  472.90,   228.00,   595.73
  474.77,   228.97,   720.65
  477.15,   228.98,   847.06
  473.78,   351.04,   594.95
  475.21,   352.28,   720.74
  477.02,   353.81,   847.39
  600.18,   102.11,   596.27
  601.34,   102.92,   721.06
  601.59,   102.57,   845.52
  599.84,   226.75,   595.48
  601.31,   227.31,   719.93
  602.12,   227.08,   845.05
  599.48,   349.91,   593.80
  600.95,   350.48,   719.46
  602.36,   352.01,   845.37
  348.24,   222.77,    99.99
  346.17,   221.01,   225.75
  343.67,   219.23,   350.12
  348.34,   347.80,   102.26
  346.70,   345.35,   227.63
  344.99,   342.68,   351.56
  349.03,   473.17,   105.14
  347.86,   470.35,   229.66
  346.96,   466.99,   354.01
  472.75,   221.69,   101.32
  470.73,   218.86,   227.40
  468.23,   217.65,   351.57
  473.61,   346.20,   104.47
  472.18,   344.25,   230.37
  469.94,   341.69,   353.99
  474.56,   471.27,   107.50
  473.69,   469.49,   232.83
  471.82,   466.68,   356.97
  598.16,   221.07,   103.14
  596.39,   217.24,   228.02
  594.03,   215.70,   352.78
  599.96,   344.92,   107.46
  598.16,   342.93,   231.58
  595.48,   340.87,   355.98
  600.85,   469.94,   110.69
  599.29,   468.52,   235.05
  596.81,   465.75,   358.87
  351.77,   223.68,   226.08
  352.85,   220.87,   350.38
  354.05,   217.93,   474.55
  351.15,   347.77,   229.26
  353.35,   344.45,   353.03
  355.09,   341.20,   477.72
  351.46,   473.08,   232.30
  354.23,   468.57,   356.47
  355.87,   465.00,   481.53
  476.61,   222.30,   223.84
  477.65,   220.26,   347.92
  478.58,   218.11,   473.18
  476.60,   347.99,   227.98
  478.45,   344.47,   351.97
  479.49,   341.17,   476.29
  477.21,   473.37,   231.94
  479.31,   469.08,   355.77
  480.51,   464.76,   480.27
  602.09,   222.15,   220.43
  603.58,   219.30,   345.64
  605.26,   216.71,   471.73
  602.61,   347.89,   225.74
  604.02,   344.42,   349.76
  604.79,   341.00,   474.81
  602.90,   473.37,   230.11
  604.26,   469.61,   353.85
  605.05,   465.57,   477.96
  348.61,   227.46,   348.59
  344.73,   225.73,   472.78
  341.38,   223.32,   597.70
  348.04,   351.00,   349.95
  344.69,   348.69,   474.79
  340.76,   347.10,   599.97
  347.29,   475.34,   352.40
  343.91,   472.66,   477.29
  339.92,   471.11,   602.73
  473.16,   228.19,   351.48
  468.94,   226.97,   476.66
  465.58,   225.10,   601.48
  472.69,   352.28,   354.03
  468.66,   350.26,   478.65
  464.90,   348.12,   604.01
  472.13,   477.25,   356.56
  468.41,   474.19,   481.15
  464.36,   471.89,   606.65
  599.07,   228.70,   353.92
  595.26,   227.23,   480.12
  591.98,   225.39,   605.91
  598.09,   353.98,   356.88
  594.05,   351.32,   481.90
  590.56,   348.72,   607.36
  597.26,   479.12,   359.93
  592.89,   475.95,   484.18
  589.32,   472.64,   609.30
  349.82,   225.09,   475.02
  349.73,   228.66,   599.88
  349.88,   231.39,   725.23
  348.58,   348.43,   470.92
  348.20,   352.02,   596.49
  347.53,   356.18,   722.45
  347.17,   472.02,   467.82
  346.38,   476.02,   593.42
  345.34,   480.89,   719.24
  474.42,   227.45,   475.27
  473.97,   231.25,   600.34
  474.04,   234.70,   725.18
  472.95,   350.61,   471.48
  472.16,   354.37,   596.88
  472.25,   357.86,   723.16
  471.59,   474.49,   468.51
  471.01,   477.98,   593.85
  470.30,   482.51,   719.90
  600.84,   228.73,   475.83
  600.63,   232.69,   601.20
  600.65,   235.46,   725.83
  598.17,   352.64,   471.75
  597.86,   355.75,   597.49
  597.82,   358.66,   723.10
  596.37,   477.26,   468.24
  595.51,   479.81,   593.23
  595.79,   483.39,   719.14
  350.01,   227.06,   597.77
  350.06,   224.65,   723.47
  350.04,   222.54,   849.71
  349.55,   350.51,   599.80
  348.47,   349.32,   725.76
  348.06,   347.91,   851.59
  349.10,   474.73,   602.30
  347.14,   474.21,   728.09
  346.65,   473.24,   853.20
  474.17,   228.67,   599.16
  473.87,   226.73,   724.00
  474.29,   223.70,   850.23
  473.97,   351.61,   601.04
  473.18,   350.18,   726.80
  473.14,   348.48,   853.50
  473.46,   475.44,   603.41
  472.65,   474.43,   729.37
  472.34,   473.48,   855.17
  600.94,   228.72,   600.84
  600.57,   226.56,   725.00
  599.45,   223.27,   850.01
  599.43,   351.85,   601.89
  599.09,   349.38,   727.79
  598.15,   347.92,   853.40
  598.54,   476.24,   603.38
  597.97,   474.33,   729.38
  597.92,   473.78,   856.00
  349.24,   350.82,   101.30
  351.93,   347.96,   226.76
  354.51,   344.63,   350.82
  352.16,   475.88,   104.38
  355.21,   472.85,   229.08
  358.30,   469.11,   353.43
  356.22,   601.29,   107.44
  358.94,   598.65,   232.39
  361.89,   594.84,   356.70
  474.34,   347.38,    99.04
  477.34,   344.53,   225.22
  479.36,   341.84,   349.09
  477.46,   471.96,   102.66
  480.95,   470.24,   228.27
  483.37,   466.54,   352.10
  481.44,   598.09,   105.26
  484.54,   595.03,   230.94
  486.94,   592.25,   354.89
  600.67,   344.13,    98.16
  603.21,   341.51,   222.12
  605.05,   338.86,   346.13
  603.88,   468.78,   101.87
  606.75,   466.85,   225.83
  608.31,   464.09,   349.90
  607.07,   594.84,   103.59
  609.59,   590.71,   228.08
  611.36,   588.55,   352.13
  350.82,   349.51,   224.15
  352.05,   351.17,   348.26
  352.90,   353.24,   472.75
  347.85,   474.87,   221.70
  350.00,   475.54,   346.04
  351.00,   477.47,   470.97
  345.76,   600.45,   220.07
  347.40,   601.73,   344.04
  347.95,   603.04,   469.54
  476.11,   352.33,   223.79
  477.13,   354.31,   347.57
  477.40,   356.17,   472.08
  473.75,   478.03,   222.06
  475.00,   479.38,   346.26
  475.40,   480.49,   470.53
  471.53,   602.90,   219.94
  472.57,   604.95,   344.12
  473.10,   606.74,   469.29
  602.16,   355.48,   222.36
  602.64,   357.37,   346.28
  602.80,   358.96,   471.18
  599.60,   480.49,   221.07
  599.82,   482.38,   345.11
  600.18,   483.67,   469.16
  596.75,   604.40,   218.32
  597.42,   606.74,   342.76
  597.82,   609.59,   467.29
  349.56,   349.88,   348.54
  351.77,   350.05,   473.04
  353.45,   350.04,   598.33
  347.28,   474.38,   348.29
  349.91,   473.77,   473.39
  351.49,   474.39,   599.31
  345.34,   600.39,   348.72
  347.32,   599.47,   474.23
  349.16,   599.84,   600.08
  474.35,   352.80,   346.76
  476.19,   352.61,   471.26
  477.57,   352.68,   596.54
  472.70,   477.80,   347.33
  474.51,   476.90,   471.85
  475.98,   476.71,   597.06
  470.54,   603.35,   347.29
  471.97,   603.13,   472.77
  473.87,   603.25,   598.42
  600.01,   355.90,   344.06
  601.24,   355.40,   469.22
  603.60,   354.75,   594.45
  597.66,   480.76,   344.87
  599.06,   479.86,   469.33
  600.66,   478.90,   594.36
  594.98,   605.33,   344.57
  596.66,   605.89,   469.52
  598.88,   605.47,   595.13
  349.48,   349.13,   473.33
  349.04,   352.25,   598.67
  348.74,   355.03,   724.88
  352.58,   473.29,   471.27
  352.02,   476.45,   596.74
  351.16,   480.04,   722.95
  355.09,   598.93,   468.95
  354.53,   601.93,   595.00
  354.44,   605.61,   721.35
  473.40,   347.01,   473.78
  473.08,   349.79,   599.27
  473.47,   352.47,   725.03
  476.94,   470.80,   471.59
  476.44,   473.46,   597.16
  476.33,   476.68,   723.08
  479.62,   597.16,   469.61
  479.42,   599.79,   595.43
  480.02,   603.10,   720.90
  598.85,   344.27,   473.86
  598.98,   346.46,   599.29
  599.14,   348.39,   725.13
  601.41,   468.81,   471.19
  601.25,   470.67,   596.49
  601.49,   472.91,   722.01
  604.45,   594.69,   468.74
  604.67,   596.94,   594.24
  604.84,   599.04,   719.65
  348.66,   351.40,   599.63
  347.90,   353.84,   725.81
  348.00,   356.14,   851.52
  347.41,   475.68,   598.61
  346.03,   478.72,   724.52
  345.30,   481.20,   849.55
  345.55,   601.01,   597.54
  344.54,   604.36,   723.43
  344.02,   606.39,   847.96
  473.01,   353.09,   600.55
  472.54,   355.38,   726.90
  472.83,   357.38,   853.15
  472.04,   476.92,   599.26
  471.17,   479.90,   725.47
  471.12,   482.41,   851.26
  470.42,   603.74,   598.47
  470.16,   606.09,   723.83
  470.36,   607.74,   849.02
  598.72,   354.49,   601.23
  598.38,   355.78,   726.73
  598.31,   357.88,   852.73
  596.58,   478.60,   599.06
  596.64,   480.22,   724.63
  596.67,   483.80,   851.34
  595.43,   605.32,   597.70
  595.62,   606.60,   723.28
  595.41,   609.23,   848.92
  346.84,   474.16,    99.21
  351.06,   476.05,   223.92
  355.86,   476.71,   348.39
  348.00,   599.71,    97.51
  352.07,   601.83,   222.19
  355.85,   602.79,   346.77
  350.38,   725.21,    96.64
  353.27,   727.49,   221.39
  356.09,   729.31,   345.27
  472.31,   473.50,    96.24
  476.85,   476.48,   221.86
  480.78,   477.53,   346.01
  472.82,   599.66,    94.16
  477.28,   601.55,   220.05
  480.91,   603.20,   344.21
  475.69,   726.22,    92.62
  478.92,   725.91,   217.37
  481.16,   728.65,   341.61
  598.56,   473.51,    94.01
  602.75,   476.34,   218.54
  605.86,   478.18,   342.45
  598.49,   599.79,    91.37
  602.54,   600.17,   216.05
  605.75,   602.26,   340.10
  598.46,   726.09,    88.02
  601.89,   723.47,   212.46
  605.28,   726.35,   337.33
  351.20,   476.79,   225.33
  354.96,   474.98,   349.66
  357.78,   473.66,   474.42
  349.23,   602.30,   226.14
  352.56,   600.89,   350.64
  355.08,   599.62,   475.84
  347.41,   728.22,   227.68
  349.31,   727.43,   351.39
  351.27,   726.53,   476.09
  477.04,   480.01,   223.74
  479.89,   478.74,   347.70
  482.46,   476.93,   472.23
  474.47,   604.78,   224.47
  477.46,   604.28,   348.41
  479.84,   603.70,   473.63
  473.22,   729.31,   224.53
  474.68,   729.82,   348.97
  476.25,   730.97,   474.18
  602.96,   482.71,   221.34
  604.87,   482.27,   345.07
  606.94,   480.60,   469.13
  599.54,   606.73,   221.08
  602.16,   606.38,   345.09
  604.43,   606.37,   470.01
  596.20,   730.12,   220.09
  599.02,   730.75,   345.33
  601.85,   732.32,   470.71
  348.83,   473.28,   348.32
  352.64,   476.23,   473.01
  355.13,   479.83,   598.89
  351.33,   599.35,   345.26
  354.58,   602.06,   470.58
  357.67,   605.71,   596.42
  353.76,   726.03,   342.49
  356.07,   728.96,   467.06
  359.30,   732.40,   593.45
  473.96,   472.21,   345.93
  477.05,   474.21,   470.29
  479.99,   477.31,   595.66
  476.62,   597.60,   342.97
  479.43,   600.63,   467.92
  482.27,   604.01,   593.51
  478.90,   722.83,   338.97
  481.09,   728.08,   464.41
  484.65,   731.65,   590.89
  598.85,   470.46,   342.31
  601.51,   472.91,   466.49
  604.62,   474.85,   591.40
  600.97,   594.80,   338.87
  604.07,   598.51,   463.52
  607.39,   601.09,   588.83
  602.85,   718.57,   334.70
  606.62,   724.35,   460.22
  610.43,   728.60,   586.61
  349.38,   473.61,   476.24
  351.15,   475.26,   601.89
  353.33,   477.43,   727.87
  348.64,   599.27,   475.71
  350.94,   600.99,   601.98
  353.27,   603.43,   727.78
  347.20,   726.22,   474.40
  350.17,   727.31,   601.05
  354.02,   729.09,   727.99
  473.67,   474.70,   474.03
  475.85,   475.28,   599.42
  478.50,   477.20,   725.70
  473.60,   601.01,   473.98
  475.59,   601.86,   599.66
  478.78,   603.37,   725.02
  472.60,   728.17,   472.63
  475.45,   729.95,   599.35
  479.89,   730.55,   725.51
  598.44,   475.75,   470.87
  600.70,   475.96,   596.03
  603.84,   476.62,   721.69
  598.40,   601.66,   470.09
  600.77,   602.40,   595.39
  603.90,   602.93,   721.03
  597.97,   727.67,   469.31
  601.31,   729.92,   595.93
  604.57,   730.27,   722.41
  351.29,   473.06,   600.63
  350.45,   474.05,   726.59
  350.09,   474.41,   851.79
  350.67,   598.73,   601.80
  350.19,   599.71,   727.83
  350.09,   599.51,   852.24
  349.77,   725.25,   602.29
  351.16,   725.49,   728.97
  351.35,   724.11,   853.01
  475.94,   473.45,   601.05
  475.55,   473.92,   727.04
  476.11,   474.56,   853.07
  475.84,   599.53,   602.34
  475.89,   600.04,   727.65
  476.10,   599.37,   852.62
  475.51,   727.58,   603.33
  476.89,   726.97,   729.55
  476.68,   724.79,   852.20
  600.91,   473.55,   600.56
  600.75,   473.36,   726.23
  601.44,   474.57,   853.07
  600.96,   600.20,   601.12
  601.09,   599.57,   726.93
  601.46,   599.82,   852.75
  601.21,   727.59,   602.90
  601.80,   726.45,   729.05
  600.65,   724.18,   851.75
  348.02,   600.79,   102.25
  346.64,   600.74,   226.91
  345.28,   599.92,   351.07
  346.98,   726.13,   102.95
  344.33,   726.51,   227.47
  341.39,   726.63,   351.21
  344.59,   850.60,   103.68
  342.05,   851.23,   228.08
  336.75,   850.76,   349.73
  473.21,   604.19,   104.11
  472.40,   604.16,   229.74
  470.53,   604.06,   353.88
  472.26,   730.13,   104.07
  469.86,   728.51,   229.08
  466.97,   729.51,   353.25
  471.06,   854.18,   105.28
  468.09,   852.25,   228.00
  462.21,   853.49,   351.79
  598.50,   607.86,   106.53
  597.49,   606.51,   231.01
  594.90,   607.42,   355.30
  595.31,   733.37,   105.02
  593.32,   730.14,   229.40
  590.97,   731.84,   354.55
  592.48,   858.33,   105.76
  589.42,   855.72,   228.99
  586.47,   856.38,   353.88
  349.43,   600.23,   224.58
  353.62,   596.63,   348.68
  356.89,   593.64,   474.04
  352.44,   726.07,   227.88
  355.41,   723.39,   351.30
  357.96,   720.60,   476.30
  355.93,   850.29,   230.62
  356.12,   847.81,   352.64
  358.19,   846.03,   476.46
  474.86,   598.30,   222.05
  478.64,   595.38,   345.99
  481.87,   592.86,   471.21
  477.94,   722.52,   223.68
  480.74,   720.87,   348.07
  482.93,   720.09,   473.58
  481.68,   846.27,   224.85
  481.57,   845.18,   349.05
  483.50,   844.99,   474.57
  600.13,   595.37,   217.68
  603.20,   593.25,   341.95
  606.53,   591.23,   466.50
  601.24,   718.70,   218.39
  604.56,   717.47,   343.47
  608.40,   717.41,   468.81
  602.31,   844.07,   220.50
  605.71,   842.54,   345.67
  609.68,   842.17,   471.54
  348.76,   598.17,   348.28
  345.92,   600.23,   473.70
  342.45,   603.01,   599.41
  350.01,   725.09,   346.07
  346.02,   727.29,   470.76
  343.12,   729.68,   597.54
  350.69,   849.40,   342.43
  345.87,   852.50,   465.70
  344.35,   855.28,   593.54
  474.20,   597.47,   352.15
  470.60,   599.98,   477.27
  467.10,   602.87,   603.10
  475.38,   723.19,   349.15
  471.26,   727.39,   474.80
  468.54,   730.47,   601.27
  475.57,   847.17,   345.43
  470.99,   851.84,   470.54
  470.14,   855.87,   598.40
  598.69,   595.88,   354.54
  595.15,   599.03,   479.35
  592.29,   601.09,   604.92
  599.74,   720.33,   351.29
  596.81,   725.17,   476.90
  594.52,   728.87,   603.62
  599.96,   845.16,   348.48
  597.46,   849.73,   474.66
  595.88,   854.25,   602.17
  350.93,   599.11,   475.61
  350.20,   601.18,   601.53
  349.79,   603.84,   727.65
  350.10,   726.10,   473.79
  349.64,   727.36,   600.64
  350.82,   729.72,   727.53
  348.11,   851.42,   469.91
  349.39,   853.25,   598.16
  352.49,   853.67,   727.29
  475.81,   600.44,   476.67
  475.51,   601.71,   602.40
  475.67,   604.04,   727.75
  475.01,   727.88,   474.73
  475.14,   729.94,   601.78
  476.76,   730.85,   727.87
  473.49,   852.24,   471.76
  474.95,   854.84,   599.85
  478.45,   854.93,   728.06
  600.63,   600.85,   475.77
  600.61,   601.79,   601.33
  600.45,   603.00,   726.99
  600.53,   726.68,   474.54
  601.03,   729.47,   600.94
  601.70,   730.35,   727.43
  599.75,   851.55,   473.08
  600.79,   854.63,   600.48
  601.95,   855.64,   727.08
  351.20,   597.94,   600.08
  351.80,   599.94,   726.07
  352.99,   600.78,   850.58
  348.78,   724.83,   599.91
  351.12,   725.85,   726.54
  352.42,   725.70,   850.87
  346.74,   850.10,   598.24
  350.64,   850.03,   727.47
  353.00,   849.41,   851.91
  476.35,   600.81,   599.53
  477.46,   602.15,   725.17
  478.74,   602.49,   850.18
  474.27,   728.68,   599.55
  476.74,   728.93,   725.83
  477.75,   727.85,   848.58
  472.23,   853.87,   598.84
  476.59,   853.18,   726.96
  477.59,   851.22,   848.57
  601.37,   602.85,   597.24
  602.69,   602.87,   722.94
  604.03,   604.10,   848.62
  600.04,   730.30,   598.14
  601.80,   730.26,   724.56
  601.72,   728.69,   847.24
  597.88,   855.69,   598.46
  599.95,   855.77,   725.21
  600.12,   853.73,   846.84
  473.72,   102.19,   101.21
  474.61,   102.16,   226.31
  475.09,   102.74,   351.40
  474.17,   226.08,   100.13
  475.45,   226.18,   225.92
  475.67,   227.79,   350.34
  473.51,   350.30,   100.07
  475.71,   351.46,   226.02
  476.73,   352.20,   349.79
  598.55,   101.61,    99.09
  599.82,   101.03,   224.14
  600.93,   102.06,   349.94
  599.41,   226.45,    98.97
  600.71,   225.39,   223.29
  601.50,   226.77,   348.22
  599.93,   350.24,   100.00
  601.65,   351.28,   224.55
  602.04,   352.23,   348.45
  723.95,    99.76,    97.59
  725.96,    99.42,   221.93
  727.70,   100.53,   348.59
  724.86,   227.05,    98.49
  726.02,   226.00,   221.74
  728.25,   225.59,   346.60
  726.88,   350.56,   100.01
  726.88,   351.21,   222.43
  727.76,   351.92,   346.41
  475.26,    99.96,   224.72
  472.11,   102.67,   349.78
  468.90,   105.68,   475.02
  478.77,   224.11,   222.80
  474.89,   227.53,   347.37
  471.12,   230.80,   472.47
  481.48,   349.57,   221.39
  478.54,   351.90,   345.34
  474.97,   353.84,   469.88
  600.58,    97.01,   226.67
  597.77,    99.46,   352.41
  595.25,   102.49,   478.00
  604.13,   221.29,   224.46
  601.07,   224.17,   349.30
  597.54,   227.32,   475.30
  607.62,   346.72,   223.52
  603.89,   349.38,   347.93
  600.33,   351.27,   472.69
  726.61,    92.64,   228.75
  724.63,    95.83,   355.29
  722.67,    98.69,   480.99
  729.46,   218.98,   226.48
  727.53,   220.10,   351.55
  725.19,   223.03,   478.42
  732.36,   344.40,   225.60
  729.53,   346.83,   349.99
  726.28,   348.76,   475.62
  475.68,    98.93,   351.75
  475.64,   100.08,   476.84
  476.13,   101.62,   601.72
  472.37,   224.08,   350.70
  472.12,   225.92,   475.83
  472.24,   226.83,   600.74
  470.06,   348.18,   350.35
  469.74,   348.60,   474.86
  469.74,   349.56,   600.13
  601.30,   101.76,   350.60
  602.07,   103.11,   476.60
  602.97,   104.40,   601.71
  598.40,   226.51,   349.29
  598.58,   228.04,   475.48
  599.08,   228.83,   601.11
  595.59,   351.67,   349.45
  595.15,   351.94,   474.47
  595.58,   351.75,   600.22
  728.29,   103.91,   350.12
  729.74,   104.98,   476.00
  731.27,   105.25,   601.44
  725.29,   228.62,   348.37
  725.88,   229.60,   474.98
  726.77,   230.23,   601.63
  721.04,   354.94,   348.32
  721.28,   355.02,   474.30
  721.59,   354.65,   599.67
  474.51,   101.93,   474.38
  472.24,   100.48,   599.01
  470.68,    99.05,   723.94
  475.69,   227.21,   475.72
  473.50,   225.79,   601.03
  472.45,   223.91,   725.36
  478.56,   350.48,   477.24
  476.18,   348.97,   602.73
  474.39,   347.45,   728.52
  600.94,    99.50,   476.39
  599.22,    98.46,   601.59
  597.41,    96.42,   726.02
  602.39,   224.37,   477.84
  600.68,   223.12,   603.71
  598.82,   220.99,   727.74
  603.86,   348.47,   479.14
  601.87,   346.28,   604.92
  600.26,   344.00,   730.57
  728.28,    96.71,   478.55
  727.38,    94.58,   603.36
  724.90,    91.89,   727.76
  729.83,   221.09,   479.82
  728.29,   219.35,   606.38
  726.58,   216.47,   730.80
  729.96,   346.65,   481.38
  727.98,   343.66,   606.63
  726.66,   340.82,   731.47
  475.36,   101.52,   598.40
  476.81,   102.13,   723.28
  478.44,   100.83,   847.90
  476.13,   226.88,   598.15
  478.25,   227.06,   722.92
  480.62,   226.30,   849.05
  478.64,   349.78,   597.82
  480.10,   350.58,   723.82
  481.79,   351.25,   850.39
  602.15,    99.72,   597.70
  603.50,    99.78,   722.19
  604.00,    98.51,   846.64
  603.33,   224.24,   597.48
  604.81,   224.38,   722.31
  605.78,   223.49,   847.33
  604.08,   347.70,   596.83
  605.89,   347.29,   722.22
  607.15,   348.06,   848.10
  730.22,    96.17,   596.70
  731.36,    95.42,   721.18
  730.20,    95.31,   846.39
  730.74,   221.12,   597.01
  732.32,   220.45,   721.65
  732.30,   219.77,   845.46
  730.47,   345.39,   595.51
  732.13,   344.31,   720.17
  732.69,   345.21,   844.84
  474.43,   226.37,    99.37
  477.23,   227.32,   225.15
  478.89,   230.56,   349.46
  473.00,   350.94,    98.26
  476.43,   352.77,   224.21
  478.89,   354.73,   347.98
  472.09,   475.75,    96.86
  475.71,   478.28,   222.81
  478.81,   479.57,   346.60
  599.62,   227.61,    96.73
  602.43,   228.01,   221.41
  604.76,   230.48,   346.37
  599.22,   351.50,    96.93
  602.28,   353.76,   221.14
  604.34,   355.82,   345.23
  598.53,   476.25,    95.92
  601.57,   479.26,   220.14
  603.45,   480.95,   343.90
  725.40,   229.57,    95.45
  727.72,   229.58,   218.39
  731.42,   230.22,   343.05
  726.58,   352.62,    95.79
  727.54,   354.62,   218.05
  729.48,   356.47,   342.02
  725.66,   477.45,    94.98
  726.55,   479.39,   216.70
  728.33,   481.61,   340.30
  473.79,   223.39,   225.66
  472.01,   223.79,   350.26
  469.97,   224.42,   475.47
  476.28,   348.85,   226.99
  475.13,   347.96,   351.15
  473.21,   347.59,   475.87
  479.27,   474.45,   228.12
  478.15,   472.90,   352.08
  476.46,   471.54,   476.66
  599.32,   220.67,   225.30
  598.01,   220.69,   350.56
  596.68,   221.06,   476.55
  602.42,   346.35,   227.57
  600.46,   345.79,   351.70
  598.65,   345.26,   476.82
  604.86,   471.65,   229.29
  603.20,   471.07,   353.05
  601.25,   469.52,   477.40
  724.81,   218.79,   225.95
  724.69,   217.46,   350.77
  724.13,   217.11,   477.89
  727.49,   344.36,   227.89
  726.25,   343.85,   352.34
  725.03,   342.48,   478.25
  729.38,   469.08,   229.10
  727.83,   469.14,   353.27
  725.91,   468.37,   478.03
  472.80,   223.53,   350.57
  475.83,   226.36,   475.92
  478.74,   227.88,   600.70
  474.89,   348.19,   349.50
  477.85,   349.18,   474.11
  480.71,   350.70,   599.75
  476.80,   472.67,   348.83
  479.86,   473.17,   473.21
  482.89,   474.42,   598.78
  598.92,   221.62,   346.41
  602.33,   223.97,   472.52
  605.87,   225.25,   597.98
  600.34,   346.87,   345.72
  603.30,   347.69,   470.62
  606.29,   348.75,   596.37
  602.03,   472.14,   345.06
  604.51,   472.78,   469.55
  607.69,   472.93,   594.61
  725.36,   219.23,   342.03
  729.59,   220.95,   468.81
  733.50,   222.02,   595.48
  726.03,   345.68,   341.49
  729.25,   346.47,   467.41
  732.56,   346.88,   593.04
  726.64,   470.97,   340.45
  729.23,   472.38,   465.54
  732.72,   472.21,   590.51
  472.14,   226.61,   475.80
  472.18,   230.02,   600.86
  472.71,   232.66,   725.46
  472.97,   349.78,   472.78
  472.35,   352.74,   597.85
  472.91,   355.96,   724.16
  473.37,   473.81,   470.05
  473.00,   476.47,   595.77
  472.69,   480.29,   721.96
  598.87,   226.21,   475.99
  598.70,   229.22,   601.53
  599.37,   231.67,   725.85
  598.38,   349.94,   472.61
  598.20,   352.38,   598.02
  598.45,   354.70,   723.68
  597.99,   474.50,   469.71
  597.98,   476.77,   594.94
  598.29,   479.52,   720.46
  726.04,   224.73,   475.64
  726.54,   227.70,   602.08
  726.81,   229.43,   726.77
  724.25,   350.33,   472.60
  724.29,   351.77,   597.97
  724.90,   353.58,   722.79
  723.06,   476.12,   468.99
  722.96,   477.12,   593.92
  723.43,   478.31,   718.72
  473.71,   226.46,   599.17
  471.14,   223.79,   723.72
  469.44,   220.33,   849.98
  477.92,   349.39,   601.80
  475.01,   347.49,   727.70
  472.91,   345.39,   854.11
  482.33,   473.14,   604.50
  479.18,   471.82,   730.82
  476.39,   470.28,   856.52
  600.43,   221.93,   602.82
  597.86,   219.23,   727.06
  594.57,   215.61,   852.37
  603.61,   345.12,   604.66
  600.63,   342.23,   730.27
  597.94,   340.20,   856.13
  606.96,   469.18,   606.91
  604.48,   466.54,   732.76
  601.82,   466.09,   859.12
  728.30,   216.51,   606.57
  725.33,   213.05,   730.76
  720.81,   209.97,   854.55
  729.84,   340.58,   607.66
  727.23,   337.19,   732.43
  723.43,   335.76,   857.07
  732.06,   465.65,   609.06
  729.67,   461.76,   733.81
  726.94,   461.51,   860.20
  473.04,   350.96,    98.37
  471.09,   352.60,   224.61
  468.08,   353.82,   348.51
  473.18,   475.63,    97.74
  471.69,   477.97,   223.62
  469.63,   478.72,   347.45
  474.49,   601.69,    96.41
  473.06,   603.15,   221.84
  470.35,   604.64,   346.17
  599.23,   350.22,   102.58
  597.10,   352.37,   226.89
  593.46,   353.63,   350.96
  599.70,   475.12,   101.88
  597.68,   477.68,   226.49
  594.47,   478.78,   350.20
  600.20,   600.99,    99.42
  598.04,   601.51,   224.02
  595.05,   603.34,   348.25
  726.37,   350.42,   106.42
  722.24,   351.98,   228.60
  719.14,   353.47,   353.00
  726.62,   475.08,   106.10
  722.31,   476.73,   228.20
  718.90,   478.62,   351.67
  725.08,   600.95,   103.04
  722.29,   599.10,   225.54
  719.22,   601.70,   349.60
  476.46,   350.25,   225.76
  474.43,   352.83,   349.38
  471.93,   355.09,   473.98
  475.96,   475.81,   223.30
  474.43,   477.70,   347.32
  471.73,   479.40,   471.73
  475.35,   600.54,   220.58
  473.96,   603.18,   344.78
  471.36,   605.75,   469.99
  602.60,   351.46,   227.11
  599.76,   353.80,   351.21
  597.14,   356.21,   475.94
  601.87,   476.47,   225.29
  599.07,   479.22,   349.30
  596.58,   480.86,   473.53
  600.62,   600.29,   221.95
  598.57,   603.44,   346.08
  596.15,   606.87,   470.99
  727.52,   352.38,   228.22
  725.35,   354.85,   352.17
  723.25,   356.96,   477.93
  726.51,   476.92,   226.31
  723.89,   479.96,   350.09
  720.96,   482.55,   474.72
  724.73,   599.81,   222.41
  722.73,   603.40,   346.76
  720.64,   607.17,   471.41
  474.14,   350.21,   350.68
  471.00,   349.82,   475.09
  468.06,   349.57,   600.61
  474.36,   474.96,   351.64
  471.45,   473.58,   476.15
  468.72,   473.24,   601.70
  474.26,   600.73,   351.96
  471.29,   600.21,   477.27
  468.67,   599.60,   602.95
  599.41,   351.00,   352.67
  596.27,   350.10,   477.75
  593.98,   349.14,   603.19
  599.30,   475.99,   353.55
  596.11,   474.69,   478.15
  593.45,   473.34,   603.19
  598.64,   600.78,   353.81
  595.92,   600.56,   478.76
  593.70,   599.81,   604.18
  724.84,   351.41,   354.19
  722.39,   350.59,   479.89
  719.90,   349.07,   605.32
  723.83,   476.65,   354.81
  720.86,   476.12,   479.84
  718.46,   473.97,   604.67
  723.11,   600.09,   354.55
  720.49,   600.79,   479.37
  718.46,   599.73,   604.59
  474.72,   349.89,   476.11
  477.84,   351.08,   601.42
  481.89,   352.10,   727.50
  475.11,   474.08,   475.57
  478.40,   474.77,   600.84
  481.67,   476.49,   727.02
  474.92,   600.34,   475.21
  478.34,   601.36,   600.84
  482.20,   602.77,   726.47
  600.36,   350.50,   472.63
  603.78,   350.79,   598.13
  607.49,   351.09,   723.35
  599.69,   474.91,   471.37
  603.02,   475.07,   596.38
  607.08,   475.55,   722.32
  599.72,   600.87,   470.78
  603.19,   601.60,   596.09
  607.18,   602.09,   721.68
  726.25,   351.02,   468.70
  729.85,   350.77,   594.50
  733.92,   350.11,   719.09
  724.51,   476.59,   467.36
  727.99,   476.12,   592.02
  732.49,   475.09,   716.68
  724.34,   601.12,   465.66
  728.23,   601.52,   590.91
  731.42,   601.17,   716.22
  473.54,   350.50,   599.70
  469.96,   347.39,   725.49
  466.97,   344.64,   852.02
  477.73,   474.25,   603.35
  473.88,   471.72,   729.64
  470.64,   469.60,   855.45
  482.08,   600.57,   607.51
  478.40,   598.07,   732.98
  475.13,   594.43,   857.97
  599.15,   346.20,   603.42
  595.83,   342.38,   729.23
  592.16,   339.47,   854.88
  602.72,   470.17,   606.47
  599.32,   466.79,   732.38
  596.23,   465.27,   858.78
  606.70,   596.27,   610.03
  603.35,   592.83,   735.79
  600.44,   590.80,   861.51
  725.16,   341.84,   607.03
  722.15,   337.27,   731.87
  717.48,   334.89,   856.62
  727.68,   466.61,   609.23
  724.70,   462.08,   734.03
  721.18,   460.47,   860.44
  731.48,   592.04,   612.02
  727.83,   587.92,   737.57
  724.77,   586.24,   863.55
  474.20,   475.18,    99.07
  476.42,   478.09,   224.88
  477.67,   479.54,   348.91
  473.09,   601.13,    97.06
  474.98,   603.20,   222.88
  476.02,   605.03,   346.82
  473.59,   727.72,    95.06
  474.06,   727.87,   220.00
  474.12,   730.70,   344.36
  600.89,   477.27,    99.87
  602.19,   480.33,   224.22
  602.51,   482.10,   347.72
  598.37,   603.36,    96.58
  599.75,   603.77,   221.32
  600.28,   606.73,   345.61
  596.51,   729.37,    93.42
  597.53,   727.59,   217.83
  597.93,   730.69,   342.73
  727.63,   479.74,   100.09
  726.76,   481.88,   222.39
  727.19,   484.39,   345.81
  723.35,   605.69,    96.83
  723.85,   604.48,   218.87
  724.90,   607.54,   343.02
  720.55,   731.28,    90.70
  719.99,   728.26,   216.17
  722.03,   730.77,   341.10
  476.58,   474.19,   226.54
  477.71,   477.30,   350.26
  477.99,   480.18,   474.87
  476.26,   599.26,   222.64
  477.36,   602.80,   346.82
  477.35,   606.65,   471.73
  476.86,   723.50,   217.99
  476.49,   728.22,   342.58
  475.97,   733.87,   467.97
  602.71,   475.13,   225.89
  602.72,   478.54,   349.72
  602.63,   481.71,   473.76
  601.48,   598.73,   221.18
  602.03,   603.22,   345.39
  601.97,   607.70,   470.32
  600.26,   722.10,   216.05
  600.77,   727.34,   340.91
  601.57,   733.62,   466.37
  727.31,   475.73,   223.96
  727.32,   479.66,   347.79
  727.11,   483.61,   472.94
  725.62,   598.12,   219.38
  726.25,   602.84,   343.36
  726.57,   607.86,   468.17
  723.38,   721.60,   214.75
  724.60,   725.93,   339.27
  727.11,   731.71,   464.13
  475.32,   473.71,   349.57
  474.09,   473.46,   474.24
  472.86,   474.06,   599.54
  472.77,   599.40,   349.08
  471.21,   599.66,   474.42
  469.79,   600.26,   600.03
  469.51,   724.99,   348.12
  467.41,   727.09,   473.48
  466.77,   728.55,   599.95
  600.39,   477.32,   350.55
  598.94,   477.09,   474.80
  597.46,   477.07,   599.72
  597.31,   601.92,   349.28
  596.06,   603.00,   474.16
  595.09,   603.48,   599.93
  594.06,   726.14,   348.11
  593.24,   729.20,   473.71
  592.69,   731.25,   600.61
  724.91,   480.81,   350.08
  723.31,   481.41,   475.25
  722.21,   480.58,   599.98
  721.52,   603.99,   348.69
  720.43,   606.06,   473.86
  719.84,   606.09,   599.15
  717.81,   727.41,   347.70
  719.04,   729.85,   472.87
  718.57,   731.76,   599.63
  474.88,   474.11,   476.46
  471.88,   476.56,   602.09
  468.78,   480.38,   728.30
  475.17,   600.69,   474.61
  471.79,   603.44,   600.34
  469.49,   606.54,   725.80
  474.42,   728.21,   472.02
  472.05,   731.02,   598.64
  471.14,   733.24,   725.01
  599.74,   475.19,   479.07
  596.56,   476.69,   604.21
  593.88,   479.07,   729.96
  599.99,   600.98,   476.70
  596.95,   603.04,   602.14
  594.84,   605.36,   727.73
  599.84,   727.13,   474.01
  597.74,   730.82,   600.83
  595.75,   732.47,   727.17
  724.11,   476.27,   481.20
  721.32,   477.09,   605.79
  719.30,   478.24,   730.84
  724.54,   600.79,   477.83
  722.03,   602.76,   602.98
  719.18,   604.32,   728.67
  725.96,   724.51,   474.88
  723.37,   728.20,   601.66
  719.59,   730.82,   728.12
  473.69,   472.60,   598.84
  471.47,   470.14,   724.89
  469.82,   467.19,   850.71
  471.29,   599.11,   603.31
  469.55,   596.10,   728.59
  467.98,   592.47,   853.67
  468.86,   727.10,   607.85
  468.57,   722.88,   733.81
  466.24,   717.51,   856.46
  598.40,   475.32,   600.00
  596.76,   471.24,   725.98
  595.42,   469.16,   852.52
  596.33,   601.33,   604.28
  594.73,   597.49,   729.78
  593.23,   594.74,   855.86
  594.54,   729.30,   609.17
  593.17,   724.51,   735.20
  590.60,   718.99,   857.63
  723.19,   478.35,   601.28
  722.24,   473.05,   726.33
  720.45,   471.19,   852.70
  721.14,   603.75,   604.52
  718.95,   599.01,   730.49
  717.19,   596.64,   856.12
  720.18,   729.29,   609.54
  716.93,   725.55,   735.96
  713.54,   720.62,   859.60
  476.28,   599.36,   101.14
  475.84,   598.20,   226.79
  474.36,   596.80,   351.15
  482.60,   725.59,   102.52
  480.42,   722.39,   227.38
  477.75,   722.43,   351.59
  488.04,   849.44,   104.35
  485.65,   846.42,   227.04
  480.39,   846.61,   351.62
  601.98,   595.62,   103.54
  600.94,   593.34,   227.80
  598.98,   593.01,   352.22
  605.30,   721.12,   102.98
  603.69,   716.72,   227.38
  602.16,   717.34,   352.28
  609.04,   846.62,   104.50
  606.39,   842.17,   227.99
  604.64,   842.03,   353.18
  726.82,   592.18,   105.89
  725.21,   588.61,   227.89
  723.26,   588.69,   352.18
  729.25,   717.50,   103.09
  726.82,   711.55,   228.18
  726.15,   711.82,   352.99
  730.69,   844.36,   103.57
  727.13,   840.04,   230.71
  728.77,   837.47,   355.66
  474.63,   599.41,   225.53
  478.13,   597.62,   349.62
  480.87,   596.23,   474.56
  475.13,   723.81,   226.15
  477.30,   723.48,   350.64
  479.61,   723.40,   476.08
  476.30,   847.69,   226.49
  475.85,   847.51,   350.58
  477.24,   848.30,   476.24
  599.68,   598.90,   221.79
  602.78,   598.17,   345.67
  605.35,   596.94,   470.51
  598.70,   722.28,   221.65
  601.51,   722.37,   346.30
  605.06,   723.05,   472.31
  597.49,   847.90,   222.83
  600.12,   847.13,   347.70
  603.64,   847.69,   473.76
  723.92,   598.36,   216.89
  726.94,   597.80,   340.98
  730.10,   597.77,   465.94
  721.37,   721.69,   217.66
  725.45,   721.01,   342.34
  730.56,   721.43,   467.19
  717.36,   850.40,   220.35
  723.76,   847.35,   345.46
  730.45,   846.57,   470.71
  474.61,   599.69,   351.51
  470.63,   600.88,   476.69
  466.85,   602.03,   602.08
  472.98,   725.45,   349.78
  468.48,   728.39,   475.00
  465.25,   730.05,   601.87
  470.42,   849.23,   346.78
  465.09,   852.73,   471.80
  463.60,   855.30,   600.11
  599.34,   601.20,   354.20
  595.46,   602.84,   479.31
  592.00,   603.86,   604.75
  597.34,   725.57,   352.21
  594.04,   729.10,   477.77
  590.95,   731.37,   604.66
  594.77,   850.22,   350.57
  591.65,   853.68,   476.90
  589.44,   856.72,   604.26
  723.51,   601.93,   356.20
  719.83,   604.28,   481.05
  716.85,   605.04,   606.38
  721.28,   725.00,   354.68
  719.73,   728.09,   479.64
  716.54,   730.52,   606.13
  718.82,   851.71,   354.99
  718.30,   853.50,   480.36
  714.51,   856.24,   606.82
  476.25,   601.14,   477.01
  477.15,   597.35,   602.62
  478.72,   594.60,   728.28
  472.81,   728.65,   480.29
  474.29,   725.38,   607.22
  476.98,   721.41,   732.98
  468.33,   853.15,   482.21
  471.35,   850.76,   610.70
  475.58,   845.72,   738.47
  601.02,   604.56,   475.21
  602.26,   600.32,   600.43
  603.60,   596.41,   725.90
  598.42,   730.39,   478.66
  600.18,   728.21,   605.34
  601.67,   723.67,   731.48
  594.61,   855.23,   482.49
  597.24,   853.13,   609.95
  599.38,   848.93,   736.14
  725.84,   607.28,   472.57
  726.99,   603.23,   597.57
  727.96,   598.44,   723.27
  723.98,   731.06,   475.88
  725.58,   728.48,   602.26
  725.65,   724.70,   728.94
  721.09,   856.35,   481.64
  722.28,   854.48,   608.03
  722.09,   850.98,   733.35
  473.53,   599.64,   600.55
  474.93,   603.04,   726.01
  476.52,   605.92,   850.97
  471.14,   727.69,   598.38
  473.74,   730.08,   724.83
  475.05,   731.17,   847.71
  468.50,   852.77,   595.05
  472.87,   854.37,   723.39
  474.32,   854.19,   845.47
  598.41,   602.24,   598.24
  600.08,   604.58,   723.84
  601.65,   607.98,   849.36
  596.92,   729.88,   596.55
  598.53,   731.86,   722.96
  599.19,   732.38,   845.62
  594.12,   855.18,   594.90
  596.78,   857.06,   721.36
  596.68,   857.47,   843.47
  723.56,   604.23,   595.23
  724.41,   605.96,   721.18
  725.48,   609.71,   846.90
  722.83,   729.94,   593.74
  722.36,   732.57,   720.23
  721.99,   733.99,   844.42
  719.85,   855.69,   592.55
  719.26,   858.96,   718.46
  719.23,   859.37,   841.54
  600.92,   100.96,    98.63
  599.96,    98.34,   223.42
  598.80,    97.34,   349.31
  598.38,   225.59,   100.46
  597.19,   222.55,   224.93
  596.06,   221.76,   350.06
  595.35,   349.48,   103.62
  594.65,   348.27,   228.10
  592.95,   347.17,   352.12
  726.11,   103.02,    98.87
  726.17,    99.99,   223.61
  725.78,    99.42,   350.00
  723.59,   230.08,   102.57
  722.45,   226.66,   225.31
  722.62,   223.93,   350.43
  722.02,   353.22,   105.79
  720.05,   352.00,   228.13
  718.54,   350.55,   352.72
  851.35,   105.54,   100.41
  851.79,   101.64,   224.72
  852.11,   101.22,   351.11
  848.78,   232.86,   104.56
  847.57,   230.27,   227.77
  848.77,   226.96,   352.01
  846.96,   357.03,   106.01
  843.93,   355.03,   228.48
  843.20,   353.99,   353.56
  600.93,   101.18,   223.49
  600.64,    98.73,   349.07
  600.45,    97.01,   474.85
  601.62,   225.66,   226.07
  601.12,   223.49,   350.99
  600.23,   222.08,   477.19
  602.34,   351.49,   230.22
  601.30,   348.92,   354.15
  600.24,   345.84,   479.14
  727.18,    99.33,   222.82
  727.53,    97.91,   349.21
  728.03,    96.05,   475.29
  727.01,   226.10,   225.60
  727.59,   222.24,   350.56
  727.64,   220.28,   477.60
  727.42,   351.44,   229.43
  726.74,   348.96,   353.91
  726.31,   345.71,   479.87
  853.09,    97.41,   223.19
  853.46,    96.61,   349.55
  853.82,    94.13,   475.52
  851.83,   226.38,   227.28
  853.54,   222.07,   351.58
  853.59,   220.17,   478.31
  851.50,   351.49,   229.24
  851.56,   348.80,   354.21
  851.35,   346.40,   480.67
  598.63,    98.56,   349.15
  602.57,   101.29,   474.77
  606.85,   103.99,   599.86
  597.52,   223.38,   346.41
  600.81,   226.29,   472.77
  604.47,   228.52,   598.46
  595.78,   348.45,   345.39
  598.88,   350.00,   470.04
  602.02,   351.46,   595.65
  725.68,    99.38,   345.13
  730.31,   101.61,   471.37
  735.01,   103.30,   596.49
  724.09,   223.80,   341.97
  727.98,   226.33,   469.04
  731.87,   228.21,   595.35
  721.26,   350.35,   340.86
  724.93,   352.03,   466.41
  728.22,   352.61,   592.08
  851.79,    99.45,   341.70
  856.27,   101.59,   467.38
  859.88,   103.22,   592.61
  849.69,   225.20,   339.12
  853.78,   227.54,   465.60
  856.37,   230.69,   592.20
  846.05,   351.99,   337.02
  849.83,   354.28,   463.71
  853.41,   355.44,   588.97
  598.83,    99.70,   476.34
  600.10,   101.26,   601.50
  600.83,   102.14,   725.74
  597.75,   224.23,   474.83
  598.59,   225.97,   600.44
  599.43,   226.50,   724.96
  596.44,   348.33,   473.26
  597.16,   349.12,   598.77
  597.96,   349.66,   724.40
  726.40,    99.24,   475.75
  728.09,    99.81,   600.71
  728.59,   100.08,   725.33
  725.04,   223.63,   473.87
  726.00,   224.90,   600.36
  727.11,   224.88,   725.15
  722.61,   349.18,   472.30
  723.28,   349.35,   598.07
  724.47,   349.08,   722.80
  852.41,    98.25,   474.59
  853.28,    98.90,   599.80
  853.41,    99.28,   724.75
  850.84,   224.25,   473.73
  850.80,   226.18,   600.00
  851.60,   226.41,   724.70
  847.72,   350.56,   472.50
  848.62,   351.07,   597.72
  849.95,   350.24,   721.11
  599.32,   101.43,   601.25
  598.16,    98.97,   725.59
  595.99,    95.14,   850.16
  600.04,   226.32,   603.67
  599.20,   223.40,   728.11
  597.49,   219.66,   853.33
  600.64,   349.17,   605.33
  599.92,   346.40,   730.92
  598.39,   344.69,   856.71
  727.71,    98.19,   602.71
  725.75,    95.19,   727.07
  722.26,    92.23,   852.04
  727.64,   223.05,   605.56
  726.79,   219.67,   730.11
  723.86,   216.72,   854.09
  727.19,   347.21,   606.75
  726.22,   343.98,   731.36
  723.98,   342.28,   855.99
  852.85,    94.83,   603.44
  850.73,    91.85,   728.48
  846.97,    89.63,   854.54
  852.32,   222.38,   607.56
  851.11,   218.82,   732.02
  849.98,   214.71,   856.11
  852.02,   346.96,   608.19
  851.57,   342.44,   731.83
  850.54,   340.09,   856.54
  600.28,   224.31,    98.25
  599.85,   224.30,   223.07
  598.96,   226.49,   348.08
  602.01,   347.93,    98.62
  601.73,   350.16,   222.98
  600.59,   351.55,   346.96
  603.59,   472.74,    98.01
  603.42,   475.27,   222.50
  602.15,   476.82,   346.00
  725.95,   223.85,    99.94
  725.07,   223.43,   222.85
  725.62,   224.06,   347.99
  729.15,   347.00,   100.38
  727.09,   348.91,   222.58
  726.30,   350.46,   346.90
  730.41,   471.74,    99.80
  728.11,   473.46,   221.78
  726.81,   475.50,   345.80
  850.96,   221.92,   101.56
  850.21,   222.35,   225.05
  851.88,   222.25,   349.07
  853.80,   346.30,   100.12
  851.25,   347.55,   222.57
  850.69,   349.00,   347.67
  855.87,   470.64,    99.30
  851.59,   471.32,   221.04
  850.90,   474.41,   345.36
  600.83,   225.99,   223.80
  602.97,   227.57,   349.09
  605.61,   229.56,   475.11
  598.63,   351.79,   224.58
  600.48,   352.92,   348.79
  602.67,   353.48,   473.74
  596.11,   477.13,   224.70
  597.95,   478.02,   348.35
  599.96,   478.11,   472.72
  725.93,   229.17,   220.87
  729.52,   229.13,   345.61
  732.97,   230.48,   472.29
  723.75,   354.41,   221.11
  726.03,   355.69,   345.09
  728.64,   356.48,   471.11
  720.48,   479.29,   220.93
  722.79,   480.70,   344.35
  724.64,   482.13,   469.44
  850.98,   232.36,   219.58
  855.58,   231.95,   343.41
  858.41,   233.20,   470.39
  847.90,   357.15,   217.86
  850.57,   358.59,   342.60
  853.20,   359.91,   468.95
  844.13,   481.05,   216.61
  846.52,   483.67,   341.13
  849.24,   484.60,   467.13
  599.12,   223.20,   348.64
  599.63,   225.28,   474.86
  600.41,   226.71,   600.52
  601.85,   348.57,   348.17
  601.66,   349.21,   473.07
  602.31,   349.78,   598.70
  604.45,   473.83,   347.52
  604.39,   474.22,   472.15
  604.45,   474.08,   597.30
  725.56,   219.97,   347.28
  726.96,   221.44,   473.91
  727.93,   222.56,   600.39
  727.28,   346.19,   346.53
  727.69,   347.00,   472.41
  728.65,   347.08,   598.18
  728.83,   471.50,   345.85
  729.11,   472.87,   470.90
  729.67,   472.39,   595.70
  851.81,   217.23,   347.01
  852.70,   218.72,   473.86
  852.66,   220.49,   600.00
  852.07,   344.17,   346.22
  852.67,   345.39,   472.38
  853.65,   345.68,   597.83
  852.68,   469.25,   344.67
  853.96,   470.27,   470.93
  854.79,   470.20,   595.74
  600.38,   225.54,   473.53
  601.59,   225.37,   599.37
  603.36,   224.47,   724.07
  602.23,   349.57,   473.74
  603.35,   348.55,   599.11
  604.47,   347.44,   724.98
  604.20,   474.30,   474.15
  605.06,   472.76,   599.16
  606.68,   472.10,   724.97
  727.79,   221.86,   472.25
  729.35,   221.32,   599.07
  730.84,   219.88,   723.25
  728.27,   347.37,   472.35
  729.37,   345.86,   598.37
  731.05,   343.99,   722.94
  728.92,   473.00,   472.28
  730.12,   471.17,   597.24
  731.98,   468.97,   721.92
  853.39,   219.53,   471.86
  854.12,   219.91,   597.84
  855.01,   218.35,   722.92
  853.31,   345.83,   471.94
  854.41,   344.72,   597.08
  856.24,   342.15,   720.92
  853.81,   471.28,   471.90
  855.46,   469.12,   596.59
  857.18,   466.36,   719.65
  600.68,   226.24,   602.06
  604.57,   223.96,   726.68
  608.19,   220.68,   851.58
  599.65,   349.29,   603.84
  603.67,   346.89,   729.24
  607.65,   345.42,   854.79
  599.43,   473.68,   604.96
  603.13,   471.58,   730.78
  607.63,   471.25,   857.34
  728.24,   224.60,   599.19
  732.20,   221.79,   723.53
  734.33,   218.98,   847.39
  725.89,   349.08,   599.86
  730.11,   346.05,   724.50
  733.12,   344.77,   849.08
  724.29,   474.38,   600.62
  728.68,   470.64,   725.13
  732.53,   470.37,   851.67
  852.90,   225.78,   596.01
  856.39,   222.75,   720.44
  859.94,   218.97,   844.55
  850.83,   350.63,   596.45
  855.18,   346.35,   720.10
  859.16,   343.76,   844.67
  849.50,   474.93,   597.59
  853.98,   470.85,   720.42
  858.13,   468.66,   845.00
  601.55,   350.75,   101.52
  600.30,   352.45,   225.90
  598.57,   353.25,   350.00
  598.31,   475.52,   101.35
  597.47,   477.45,   225.81
  595.59,   478.46,   349.35
  595.15,   601.67,    99.26
  594.23,   601.34,   224.13
  592.72,   602.94,   348.26
  728.37,   354.39,   104.06
  725.50,   355.59,   226.42
  723.93,   356.71,   350.71
  724.98,   479.27,   103.80
  722.15,   480.14,   226.01
  720.28,   481.86,   349.63
  720.08,   604.92,   101.33
  718.34,   602.62,   223.75
  716.99,   605.09,   348.10
  853.00,   357.96,   104.25
  849.89,   358.61,   226.85
  848.56,   359.82,   351.82
  850.19,   482.50,   104.22
  845.63,   482.56,   225.98
  843.97,   484.91,   350.31
  844.92,   607.47,   102.45
  842.77,   606.05,   223.81
  841.89,   607.83,   348.27
  601.59,   351.74,   226.03
  602.68,   354.49,   349.87
  604.04,   356.79,   475.05
  599.24,   476.73,   224.01
  600.32,   479.52,   347.83
  601.52,   481.63,   472.36
  596.45,   600.80,   220.71
  597.87,   604.07,   344.85
  599.40,   607.28,   469.84
  726.71,   354.35,   223.05
  728.10,   357.23,   347.31
  729.93,   359.71,   473.07
  723.63,   478.91,   221.31
  725.01,   482.14,   344.71
  726.07,   485.26,   469.60
  720.64,   601.60,   217.11
  722.35,   605.44,   341.54
  723.82,   609.17,   466.38
  850.81,   356.96,   220.68
  852.53,   359.81,   345.53
  854.50,   362.67,   471.57
  847.15,   480.68,   217.86
  848.74,   485.06,   342.17
  850.84,   487.54,   468.14
  844.41,   604.42,   214.33
  847.23,   607.88,   338.44
  849.12,   611.20,   464.33
  600.96,   348.86,   348.22
  598.32,   346.71,   473.14
  596.30,   343.87,   598.91
  603.25,   474.11,   351.01
  600.42,   471.18,   475.55
  598.01,   468.05,   600.42
  604.91,   598.76,   352.93
  602.62,   596.90,   477.47
  600.82,   594.36,   602.90
  726.55,   347.37,   349.33
  724.66,   344.71,   475.05
  722.82,   341.30,   600.63
  727.62,   472.64,   351.60
  725.08,   470.22,   476.92
  723.21,   466.45,   601.54
  729.35,   595.88,   353.00
  727.21,   595.01,   477.95
  725.40,   592.12,   603.29
  851.19,   345.38,   351.54
  849.45,   343.50,   477.93
  847.74,   340.54,   603.01
  851.77,   470.92,   352.88
  849.89,   468.38,   479.44
  848.54,   464.93,   603.85
  854.00,   594.06,   354.28
  852.46,   592.24,   480.30
  850.37,   589.48,   605.78
  600.02,   351.36,   474.87
  601.88,   348.77,   600.46
  604.07,   346.29,   726.29
  596.65,   475.74,   476.74
  597.98,   472.92,   602.08
  600.19,   471.13,   727.91
  593.50,   601.46,   479.15
  595.01,   599.55,   604.44
  597.37,   597.29,   730.25
  726.20,   354.89,   473.05
  728.00,   351.73,   598.83
  730.47,   348.86,   723.30
  721.33,   480.41,   474.39
  723.05,   476.92,   599.54
  725.67,   473.38,   724.16
  718.02,   605.08,   475.61
  720.22,   602.36,   601.00
  721.75,   599.46,   726.72
  850.93,   359.38,   471.74
  852.92,   356.53,   596.89
  855.53,   352.31,   720.64
  846.12,   484.31,   473.31
  848.40,   480.80,   598.22
  850.81,   476.72,   721.21
  843.21,   607.89,   473.88
  844.75,   605.54,   599.25
  846.15,   602.64,   724.07
  599.70,   349.36,   602.00
  598.56,   349.09,   727.40
  597.36,   349.60,   853.53
  596.08,   473.68,   601.44
  595.12,   473.72,   727.20
  594.77,   475.37,   853.76
  593.59,   600.35,   601.75
  592.83,   600.09,   727.27
  591.62,   600.68,   853.43
  725.62,   352.17,   603.34
  724.96,   350.90,   727.84
  723.08,   352.09,   852.90
  721.29,   477.54,   602.02
  720.59,   475.98,   726.89
  719.51,   477.80,   853.29
  718.39,   602.95,   601.23
  717.05,   601.87,   727.30
  716.15,   603.06,   853.31
  850.79,   356.36,   604.59
  850.20,   354.19,   728.14
  849.12,   354.17,   853.06
  846.25,   481.06,   603.47
  845.93,   478.78,   726.82
  844.70,   479.01,   851.75
  843.05,   605.79,   602.73
  841.58,   604.55,   727.71
  840.58,   604.80,   852.66
  601.63,   474.50,   102.90
  599.98,   473.56,   227.03
  597.08,   471.38,   350.88
  599.74,   600.40,   103.90
  597.88,   597.23,   228.59
  595.53,   596.02,   352.66
  597.92,   725.94,   104.21
  595.97,   720.85,   228.87
  593.49,   720.35,   353.79
  728.41,   476.81,   106.15
  724.40,   474.97,   228.31
  721.86,   473.17,   352.03
  724.54,   602.06,   106.52
  722.27,   597.44,   229.17
  719.69,   596.74,   353.50
  721.99,   727.05,   104.97
  718.74,   720.89,   230.62
  717.57,   719.62,   355.00
  853.21,   478.52,   107.32
  848.11,   475.93,   229.20
  845.64,   474.95,   353.50
  849.54,   603.34,   108.26
  846.24,   599.18,   229.90
  844.73,   598.39,   354.74
  847.59,   728.79,   105.43
  845.62,   724.37,   231.95
  844.27,   721.80,   356.90
  600.74,   476.91,   228.12
  599.56,   480.59,   351.65
  598.02,   483.66,   475.89
  599.86,   600.76,   223.34
  599.03,   605.11,   347.41
  597.82,   609.79,   472.30
  598.86,   724.17,   217.89
  597.92,   729.08,   343.08
  597.52,   735.62,   468.68
  725.40,   477.09,   227.34
  724.22,   481.43,   351.20
  722.95,   485.34,   475.87
  723.93,   599.86,   222.35
  723.34,   604.70,   346.78
  722.79,   609.54,   471.31
  721.67,   723.46,   218.05
  722.17,   727.65,   342.38
  723.53,   733.32,   467.56
  848.72,   477.42,   226.54
  847.90,   482.52,   350.87
  847.69,   486.16,   477.10
  848.19,   600.86,   221.94
  848.35,   605.39,   346.21
  847.91,   609.69,   472.31
  848.85,   726.09,   217.47
  849.29,   729.12,   342.78
  849.54,   733.51,   467.81
  601.45,   476.99,   351.82
  602.61,   476.50,   476.25
  604.72,   476.34,   601.47
  599.93,   601.44,   351.00
  601.49,   602.54,   475.97
  603.70,   602.66,   601.36
  598.21,   725.67,   349.50
  600.48,   728.78,   475.54
  603.26,   730.21,   602.16
  725.87,   478.68,   348.54
  727.64,   479.38,   473.60
  729.55,   478.42,   598.21
  724.32,   602.01,   347.37
  726.24,   603.83,   472.09
  728.59,   603.52,   597.58
  721.95,   725.23,   346.46
  726.28,   727.62,   471.33
  728.87,   729.10,   598.10
  849.97,   480.43,   345.61
  852.29,   480.73,   471.67
  854.71,   480.12,   596.93
  849.17,   603.65,   344.08
  851.61,   604.75,   470.22
  853.40,   604.62,   595.71
  849.11,   727.49,   344.00
  852.28,   728.17,   468.80
  853.75,   729.55,   595.18
  601.20,   473.63,   474.56
  603.20,   473.83,   599.59
  605.63,   474.38,   725.43
  604.77,   599.54,   473.92
  606.84,   600.07,   599.24
  609.38,   600.67,   724.91
  608.25,   725.48,   472.79
  611.31,   727.53,   599.35
  613.85,   727.68,   725.68
  725.91,   471.62,   471.83
  727.97,   471.02,   596.78
  731.13,   469.92,   721.50
  729.47,   596.15,   470.18
  731.74,   596.17,   595.52
  733.89,   595.85,   720.77
  733.89,   719.59,   468.77
  736.92,   721.55,   595.14
  737.50,   722.55,   721.79
  850.82,   468.34,   470.39
  853.29,   468.05,   595.45
  856.09,   466.67,   718.41
  854.45,   592.18,   468.33
  856.24,   592.63,   593.92
  858.30,   592.17,   718.07
  859.91,   716.00,   466.56
  861.59,   717.60,   592.60
  861.50,   718.66,   719.61
  598.39,   473.09,   597.79
  595.81,   476.36,   723.75
  593.94,   480.89,   850.08
  596.03,   599.68,   594.92
  593.73,   602.48,   720.75
  591.68,   606.23,   846.50
  593.91,   727.20,   593.19
  592.18,   729.60,   719.54
  588.71,   730.74,   842.31
  723.24,   476.50,   599.83
  721.43,   478.13,   724.46
  718.95,   482.91,   850.80
  720.99,   602.07,   596.06
  718.17,   604.30,   721.91
  715.50,   608.30,   847.51
  719.76,   727.47,   593.95
  715.99,   730.75,   720.58
  711.72,   732.46,   844.94
  848.41,   479.81,   602.73
  846.68,   480.43,   725.82
  844.24,   483.85,   850.76
  845.68,   604.70,   598.90
  842.47,   606.48,   723.71
  840.28,   609.70,   848.81
  844.69,   729.42,   595.71
  839.56,   732.54,   722.58
  835.76,   735.89,   848.24
  599.18,   598.91,    99.42
  597.30,   600.75,   223.88
  594.61,   604.81,   347.95
  601.83,   724.94,    94.85
  599.50,   723.98,   218.91
  596.70,   728.69,   343.89
  605.38,   850.49,    92.03
  601.85,   849.90,   215.88
  598.43,   853.53,   340.66
  724.31,   596.40,   102.90
  721.68,   596.78,   224.96
  718.73,   600.91,   349.36
  726.26,   722.06,    95.88
  722.47,   720.02,   221.16
  720.67,   724.18,   345.89
  727.06,   848.96,    92.38
  721.77,   848.82,   219.29
  722.33,   850.68,   344.41
  849.29,   593.21,   105.09
  845.32,   594.38,   226.43
  843.41,   598.60,   351.06
  851.65,   718.65,    97.47
  849.34,   719.64,   223.07
  847.62,   721.96,   348.10
  852.91,   846.84,    93.62
  849.45,   848.47,   222.03
  849.74,   849.25,   347.01
  600.07,   600.26,   226.46
  596.90,   598.05,   350.47
  593.54,   595.64,   475.24
  596.70,   723.63,   227.61
  593.83,   722.36,   352.61
  590.92,   721.85,   478.25
  593.46,   849.01,   229.80
  589.77,   847.03,   354.87
  587.42,   846.78,   481.22
  724.07,   601.59,   227.77
  721.07,   599.78,   352.15
  717.98,   597.97,   477.01
  719.36,   724.93,   229.86
  717.88,   723.16,   354.31
  716.51,   722.24,   479.54
  713.58,   853.55,   234.09
  714.03,   849.44,   358.83
  713.92,   847.32,   484.27
  848.22,   604.62,   229.50
  846.08,   602.65,   354.22
  843.40,   600.58,   480.03
  846.32,   729.76,   232.06
  844.38,   726.47,   357.15
  842.63,   723.93,   482.06
  840.28,   858.68,   236.93
  841.07,   853.57,   361.83
  840.46,   850.42,   486.93
  599.21,   601.87,   350.30
  595.62,   605.86,   475.07
  592.79,   609.22,   600.47
  596.68,   725.77,   345.83
  593.62,   732.01,   471.49
  591.17,   736.90,   598.19
  593.59,   850.81,   341.97
  590.80,   856.29,   468.03
  588.87,   861.67,   595.20
  723.64,   602.89,   351.63
  720.57,   607.83,   476.48
  717.72,   610.75,   601.78
  720.77,   726.18,   347.56
  719.77,   731.67,   472.90
  716.91,   736.40,   599.45
  717.13,   852.54,   345.78
  717.51,   856.91,   471.22
  714.54,   861.98,   597.63
  848.40,   605.48,   353.61
  845.50,   609.45,   479.56
  842.06,   612.55,   604.59
  847.78,   729.25,   350.51
  845.52,   732.95,   475.32
  842.04,   737.26,   601.28
  844.35,   856.60,   348.71
  843.56,   859.86,   474.03
  839.85,   863.89,   599.50
  601.42,   601.87,   476.58
  597.74,   598.50,   602.08
  594.25,   595.11,   727.79
  603.98,   727.98,   479.98
  601.23,   725.70,   606.50
  597.75,   722.00,   732.56
  606.13,   852.33,   483.36
  603.49,   851.25,   610.87
  601.13,   847.66,   736.96
  725.99,   599.09,   478.99
  722.19,   595.29,   603.83
  718.51,   591.05,   729.64
  730.03,   722.95,   481.64
  726.66,   720.76,   607.99
  721.34,   717.51,   734.76
  732.95,   847.90,   486.92
  729.01,   846.95,   613.38
  723.93,   843.73,   738.52
  850.98,   596.16,   482.75
  847.12,   592.48,   607.75
  843.30,   587.78,   732.32
  855.97,   719.51,   485.18
  850.93,   717.00,   611.09
  844.99,   714.17,   737.66
  858.95,   846.18,   490.16
  854.09,   844.13,   616.03
  847.84,   840.46,   741.37
  598.92,   598.29,   598.66
  599.09,   594.41,   724.30
  599.34,   591.45,   850.42
  597.43,   725.95,   603.50
  597.74,   721.49,   729.71
  596.96,   715.65,   852.69
  595.30,   851.33,   608.41
  596.23,   846.96,   734.71
  594.95,   840.92,   855.58
  723.44,   600.20,   597.13
  723.21,   595.62,   722.89
  723.55,   593.03,   848.80
  723.16,   725.84,   602.05
  721.67,   721.78,   728.25
  720.29,   717.43,   852.70
  720.58,   851.52,   607.32
  718.96,   848.41,   732.78
  717.85,   842.01,   855.79
  848.35,   602.03,   597.74
  847.76,   597.23,   722.28
  848.48,   593.74,   847.11
  847.76,   727.09,   601.19
  845.22,   723.66,   728.16
  844.62,   720.32,   853.42
  845.77,   853.62,   606.57
  843.19,   849.96,   732.21
  841.23,   844.65,   857.38
