15 PA3-E-Debug-Output.txt 0
   -8.92    -1.65    40.53        -5.92    -0.83    40.41     3.111
   -9.25   -11.54     7.93        -8.19    -9.36     7.34     2.495
   -7.67     4.76    60.93        -6.98     5.02    60.87     0.739
  -23.87    -9.96    -5.57       -23.96    -9.97    -5.43     0.172
   26.47     9.47    16.42        29.82    10.71    18.25     4.017
    2.51    -7.86    37.76         2.55    -6.98    37.71     0.884
  -29.87   -10.82   -50.60       -29.05   -10.51   -47.67     3.063
   17.84     8.74    53.40        22.02     8.79    53.92     4.215
  -42.83   -24.13   -32.38       -39.36   -21.94   -31.51     4.196
   24.25    11.12    18.98        28.25    12.25    20.32     4.366
  -39.94     4.15   -31.17       -38.74     2.98   -30.65     1.760
    3.85    -7.95   -24.69         4.11    -7.87   -25.05     0.461
  -38.99   -28.97   -26.14       -36.55   -26.43   -26.34     3.525
    0.41    -4.18    61.68         0.38    -4.10    63.44     1.760
   17.77   -10.30     4.60        18.09   -10.90     4.88     0.731
