15 PA3-B-Debug-Answer.txt 0
  -32.32     7.29   -25.56       -32.99     8.46   -25.52     1.348
  -11.17    20.04    15.14       -10.46    19.60    16.14     1.298
   31.76     9.64   -26.23        31.68     9.60   -26.17     0.108
    7.55    18.55    52.87         6.94    20.26    53.05     1.822
    0.54    -4.39   -28.22        -0.03    -4.66   -27.83     0.745
    3.09    17.98    42.69         2.77    20.06    43.06     2.139
   35.99    10.36   -11.06        36.78    10.64   -11.37     0.893
   -6.65     6.55   -15.89        -6.71     8.31   -15.79     1.762
   25.77    -9.04     6.82        25.75    -8.10     6.55     0.974
   10.63    21.35    21.71        10.77    23.86    22.11     2.546
   -5.53    11.14    55.85        -5.56    11.15    55.85     0.025
  -33.00   -29.94   -38.18       -31.56   -27.43   -36.66     3.270
   14.24   -11.74   -23.83        14.05    -9.30   -21.35     3.485
  -26.38   -12.83   -51.62       -25.93   -12.67   -48.35     3.302
  -14.81    10.20    17.04       -12.18    10.74    17.43     2.716
