15 PA3-D-Debug-Output.txt 0
  -33.10     3.34   -17.13       -33.63     4.58   -15.50     2.119
  -10.76   -27.57   -16.96       -10.52   -28.02   -16.85     0.529
    8.11   -16.09     0.17         8.66   -15.01    -0.43     1.354
  -37.37    -9.26   -45.04       -36.38    -9.54   -43.88     1.547
   24.15    22.76    -1.45        25.02    24.46    -1.30     1.916
   33.93    12.69   -13.14        35.46    13.39   -13.72     1.779
  -22.21   -30.45   -15.92       -22.19   -30.24   -16.08     0.264
   15.74    16.33   -31.76        16.07    16.63   -30.94     0.928
   -7.07   -17.32   -44.30        -7.81   -17.17   -43.37     1.198
   19.85     9.15    41.36        23.70     9.46    42.08     3.934
   28.80    10.19    15.24        30.68    11.07    16.54     2.446
    6.72     9.81    62.35         6.76     9.81    63.30     0.951
  -16.73    21.83    20.10       -14.43    20.63    21.15     2.799
   19.02    22.28    13.71        19.50    23.90    14.05     1.724
    9.36    19.78    57.15         9.05    20.69    57.17     0.962
