15 PA3-C-Debug-Answer.txt 0
   26.34     4.26    24.18        27.94     4.10    24.71     1.694
   33.35    16.13     2.15        34.19    16.93     2.23     1.167
   22.94     3.05   -31.26        23.43     3.60   -29.60     1.818
   -4.12   -24.74   -27.61        -3.73   -25.10   -27.72     0.544
   12.99    26.79    -2.30        13.00    26.89    -2.32     0.100
  -28.47   -27.98   -17.00       -28.71   -29.01   -16.58     1.133
   14.80    20.03   -31.66        15.03    19.36   -30.86     1.072
    7.83    22.29    -6.57         8.42    21.85    -6.20     0.822
   37.54     6.06     6.16        38.88     6.39     7.13     1.690
   -8.57     5.38    37.05        -7.30     5.84    36.91     1.357
  -18.31   -15.77   -50.27       -18.51   -15.20   -48.41     1.956
  -34.57   -12.69   -48.44       -33.94   -12.51   -46.21     2.327
   14.47    13.75   -31.22        15.08    14.49   -29.62     1.871
   38.21    -0.65    -8.09        38.21    -0.64    -8.09     0.007
  -22.82     3.04   -46.76       -22.90     1.62   -45.16     2.139
