15 PA3-F-Debug-Output.txt 0
   -3.06     8.84    -1.30        -4.11    10.84    -2.02     2.371
    1.40   -18.78   -33.61        -0.54   -18.28   -33.53     2.005
   17.93    20.31    33.09        18.55    21.06    33.18     0.981
   22.89    22.28   -15.83        23.97    24.48   -15.82     2.456
    8.42    -6.22    46.89         8.46    -6.76    46.88     0.536
    6.91    -9.35   -23.81         6.77    -9.12   -23.45     0.450
  -28.72   -15.67    -7.61       -28.80   -15.90    -7.13     0.536
   -2.82    19.12    44.23        -2.59    18.68    44.07     0.521
  -35.11     2.92   -28.59       -37.38     4.81   -29.00     2.977
   23.49    -3.23   -25.15        22.76    -3.24   -25.96     1.088
  -12.25   -24.20    -9.20       -13.07   -23.25    -9.98     1.473
  -15.14   -22.75    -8.17       -15.19   -22.40    -9.19     1.077
  -17.90    -6.78    -1.09       -17.72    -6.74    -1.19     0.210
   30.17    -8.51   -23.57        29.68    -7.73   -23.11     1.032
  -31.65    -8.19    -9.88       -32.27    -7.46    -8.17     1.952
