15 PA3-A-Debug-Answer.txt 0
  -31.35    -6.20    -8.51       -31.35    -6.20    -8.51     0.000
   -6.49    11.34    45.49        -6.49    11.34    45.49     0.000
   13.91     9.47   -15.97        13.91     9.47   -15.97     0.000
  -31.30     4.63   -39.50       -31.30     4.63   -39.50     0.000
   15.72    25.49    11.56        15.72    25.49    11.56     0.000
   20.99    -9.59   -22.47        20.99    -9.59   -22.47     0.000
   -8.17     6.17    31.74        -8.17     6.17    31.74     0.000
   -7.20     0.01   -40.03        -7.20     0.01   -40.03     0.000
  -34.40     2.30   -39.27       -34.40     2.30   -39.27     0.000
  -34.47     7.56   -25.94       -34.47     7.56   -25.94     0.000
   14.55     8.60    63.15        14.55     8.60    63.15     0.000
   28.26    21.49     8.20        28.26    21.49     8.20     0.000
   18.76    17.93    45.29        18.76    17.93    45.29     0.000
   12.37    16.92   -27.80        12.37    16.92   -27.80     0.000
   -3.32    23.11    32.61        -3.32    23.11    32.61     0.000
