200 PA4-D-Debug-Output.txt 0
  -24.19   -31.61   -19.23       -24.19   -31.61   -19.23     0.000
  -15.11   -18.05    -6.30       -15.11   -18.05    -6.30     0.000
   18.16    26.46     4.67        18.16    26.46     4.67     0.000
   -7.83   -26.48   -17.93        -7.83   -26.48   -17.93     0.000
  -27.00   -11.91    -6.40       -27.00   -11.91    -6.40     0.000
   20.55    22.63    18.13        20.55    22.63    18.13     0.000
  -10.91   -12.79    -0.78       -10.91   -12.79    -0.78     0.000
   15.35    26.95    -3.74        15.35    26.95    -3.74     0.000
  -11.53   -13.92    -2.54       -11.53   -13.92    -2.54     0.000
  -34.36     1.95   -39.79       -34.36     1.95   -39.79     0.000
   27.65    -1.76    20.24        27.65    -1.76    20.24     0.000
   -2.68    18.23     9.40        -2.68    18.23     9.40     0.000
   -9.08    17.53    38.90        -9.08    17.53    38.90     0.000
  -34.63    -2.46   -10.90       -34.63    -2.46   -10.90     0.000
  -12.86   -23.41   -10.40       -12.86   -23.41   -10.40     0.000
   -7.26    11.93    42.11        -7.26    11.93    42.11     0.000
   14.67    21.84    40.26        14.67    21.84    40.26     0.000
  -16.82    -1.06     0.73       -16.82    -1.06     0.73     0.000
   19.87    -5.87   -23.90        19.87    -5.87   -23.90     0.000
   25.81    -6.09    12.59        25.81    -6.09    12.59     0.000
    2.29     8.73   -14.77         2.29     8.73   -14.77     0.000
  -25.96     0.45   -12.26       -25.96     0.45   -12.26     0.000
   -1.39    17.10    52.02        -1.39    17.10    52.02     0.000
    4.74    -6.07    63.10         4.74    -6.08    63.10     0.000
   -8.86   -20.50   -43.10        -8.86   -20.50   -43.10     0.000
   14.76    25.28    12.72        14.76    25.28    12.72     0.000
   13.19    11.47   -13.72        13.19    11.47   -13.72     0.000
   -6.87     5.00    47.92        -6.87     5.00    47.92     0.000
    1.00   -12.23     4.52         1.00   -12.23     4.52     0.000
  -11.90   -26.94   -38.87       -11.90   -26.94   -38.87     0.000
   -6.19    -8.90    12.94        -6.19    -8.90    12.94     0.000
   16.16    26.92     3.67        16.16    26.92     3.67     0.000
   -4.37    -2.08    63.01        -4.37    -2.08    63.01     0.000
   36.41    -0.89     9.94        36.41    -0.89     9.94     0.000
    4.86    -7.68    26.82         4.86    -7.68    26.82     0.000
   13.51    23.85   -12.61        13.51    23.85   -12.61     0.000
    0.23    17.21     4.25         0.23    17.21     4.25     0.000
   -8.53     4.08    27.85        -8.53     4.08    27.85     0.000
   -0.70     8.38   -15.79        -0.70     8.38   -15.79     0.000
  -30.95   -27.42   -37.25       -30.95   -27.42   -37.25     0.000
   21.71    -5.68    19.90        21.71    -5.68    19.90     0.000
   -7.59    -5.73    20.55        -7.59    -5.73    20.55     0.000
   27.05    -9.68     1.83        27.05    -9.68     1.83     0.000
   -6.60    18.82    13.28        -6.60    18.82    13.28     0.000
   35.41    -4.15     6.12        35.41    -4.15     6.12     0.000
    6.00   -14.90   -20.04         6.00   -14.90   -20.04     0.000
   13.19   -14.61     1.52        13.19   -14.61     1.52     0.000
    1.98    -8.07    27.35         1.98    -8.07    27.35     0.000
   13.69    24.59   -10.86        13.69    24.59   -10.86     0.000
  -14.04   -30.77   -21.28       -14.04   -30.77   -21.28     0.000
    7.26    18.03    -6.69         7.26    18.03    -6.69     0.000
   39.07     2.17     6.59        39.07     2.17     6.59     0.000
  -37.74   -11.43   -42.37       -37.74   -11.43   -42.37     0.000
  -16.31     4.14   -43.08       -16.31     4.14   -43.08     0.000
   17.59    25.58   -12.86        17.59    25.58   -12.86     0.000
  -18.37   -25.86   -10.76       -18.37   -25.86   -10.76     0.000
  -22.72   -25.71   -10.28       -22.72   -25.71   -10.28     0.000
  -12.76   -15.63    -4.51       -12.76   -15.63    -4.51     0.000
   33.24    -6.18   -18.90        33.24    -6.18   -18.90     0.000
   -6.88     4.42    51.03        -6.88     4.42    51.03     0.000
   14.52    19.97   -30.25        14.52    19.97   -30.25     0.000
  -25.82    11.25   -22.56       -25.82    11.25   -22.56     0.000
  -36.10     2.50   -37.40       -36.10     2.50   -37.40     0.000
  -39.02     0.56   -34.64       -39.02     0.56   -34.64     0.000
   -2.77    16.88     8.30        -2.77    16.88     8.30     0.000
  -35.55   -18.92   -11.10       -35.55   -18.92   -11.10     0.000
   -0.67     9.73   -10.86        -0.67     9.73   -10.86     0.000
   27.62   -10.50   -21.09        27.62   -10.50   -21.09     0.000
   25.17   -11.06    -1.25        25.17   -11.06    -1.25     0.000
  -42.64    -4.04   -30.45       -42.64    -4.04   -30.45     0.000
   -8.76   -20.30   -43.17        -8.76   -20.30   -43.17     0.000
   25.70    23.62   -12.97        25.70    23.62   -12.97     0.000
    7.71    24.61     2.01         7.71    24.61     2.01     0.000
   -7.85     5.88   -30.61        -7.85     5.88   -30.61     0.000
  -39.09    -1.86   -37.43       -39.09    -1.86   -37.43     0.000
    0.28    -1.75   -26.03         0.28    -1.75   -26.03     0.000
   21.02   -16.84    -9.95        21.02   -16.84    -9.95     0.000
   15.91     9.70   -20.75        15.91     9.70   -20.75     0.000
  -38.50   -10.57   -11.63       -38.50   -10.57   -11.63     0.000
   31.66     0.07    15.60        31.66     0.07    15.60     0.000
  -12.42     4.45    11.84       -12.42     4.45    11.84     0.000
   32.63    -6.27     6.87        32.63    -6.27     6.87     0.000
  -14.55    20.87    21.73       -14.55    20.87    21.73     0.000
   -1.88    12.14    -2.04        -1.88    12.14    -2.04     0.000
   -4.83   -26.01   -28.57        -4.83   -26.01   -28.57     0.000
  -28.65     0.45   -44.28       -28.65     0.45   -44.28     0.000
  -34.45   -11.78   -45.85       -34.45   -11.78   -45.85     0.000
   29.47    14.77    15.36        29.47    14.77    15.36     0.000
  -39.06   -12.00   -40.47       -39.06   -12.00   -40.47     0.000
  -22.46   -25.73   -10.23       -22.46   -25.73   -10.23     0.000
  -14.12   -14.83   -47.88       -14.12   -14.83   -47.88     0.000
  -14.60     1.52   -44.56       -14.60     1.52   -44.56     0.000
   19.77   -10.24     4.37        19.77   -10.24     4.37     0.000
    6.85    -5.70    63.42         6.85    -5.70    63.42     0.000
   31.28    11.40    15.12        31.28    11.40    15.12     0.000
   -6.66    -5.31    24.85        -6.66    -5.31    24.85     0.000
   -9.24   -27.69   -18.14        -9.24   -27.69   -18.14     0.000
  -39.50     2.11   -30.40       -39.50     2.11   -30.40     0.000
  -10.13    12.16    13.68       -10.13    12.16    13.68     0.000
   13.99   -16.38   -11.58        13.99   -16.38   -11.58     0.000
   -6.75     9.78     1.53        -6.75     9.78     1.53     0.000
  -25.60   -15.04    -6.49       -25.60   -15.04    -6.49     0.000
   35.70    -2.85    -1.54        35.70    -2.85    -1.54     0.000
   -8.25     7.42    33.70        -8.25     7.42    33.70     0.000
    1.57     0.69    63.44         1.57     0.69    63.44     0.000
  -39.86   -15.87   -34.61       -39.86   -15.87   -34.61     0.000
   -7.81     7.86   -21.50        -7.81     7.86   -21.50     0.000
   21.66    12.47    49.88        21.66    12.47    49.88     0.000
   21.44    18.15    32.88        21.44    18.15    32.88     0.000
  -14.06    22.02    22.29       -14.06    22.02    22.29     0.000
  -26.38    11.64   -25.85       -26.38    11.64   -25.85     0.000
   18.59    21.02    33.20        18.59    21.02    33.20     0.000
   -8.51   -13.27   -45.28        -8.51   -13.27   -45.28     0.000
   30.65     0.20    17.14        30.65     0.20    17.14     0.000
   -0.13    -0.24   -25.12        -0.13    -0.24   -25.12     0.000
   -9.14     5.94   -35.33        -9.14     5.94   -35.33     0.000
   36.61    13.24     6.88        36.61    13.24     6.88     0.000
   -3.37    -9.55    17.46        -3.37    -9.55    17.46     0.000
  -41.32    -2.54   -18.05       -41.32    -2.54   -18.05     0.000
   22.81     8.91   -30.23        22.81     8.91   -30.23     0.000
  -17.70   -31.83   -32.45       -17.70   -31.83   -32.45     0.000
  -26.61   -13.93    -6.30       -26.61   -13.93    -6.30     0.000
    1.85    18.29    56.75         1.85    18.29    56.75     0.000
   23.30    15.37   -29.07        23.30    15.37   -29.07     0.000
   -9.20    -1.81    20.07        -9.20    -1.81    20.07     0.000
  -33.43     1.36   -41.06       -33.43     1.36   -41.06     0.000
   15.31    -4.56    57.39        15.31    -4.56    57.39     0.000
   22.09    16.98    33.13        22.09    16.98    33.13     0.000
    8.08    21.39    39.19         8.08    21.39    39.19     0.000
  -17.86   -27.06   -12.13       -17.86   -27.06   -12.13     0.000
    6.88    -9.15    17.12         6.88    -9.15    17.12     0.000
   21.76     3.99    53.22        21.76     3.99    53.22     0.000
    8.20   -13.19   -19.83         8.20   -13.19   -19.83     0.000
  -22.94     7.57   -39.69       -22.94     7.57   -39.69     0.000
  -38.64    -0.82   -37.36       -38.64    -0.82   -37.36     0.000
   -3.45    -4.09    59.38        -3.45    -4.09    59.38     0.000
   10.54    -6.36    37.08        10.54    -6.36    37.08     0.000
  -32.82     3.86   -38.80       -32.82     3.86   -38.80     0.000
   -9.30    22.31    34.44        -9.30    22.31    34.44     0.000
   27.82   -12.31   -16.16        27.82   -12.31   -16.16     0.000
  -40.17   -20.67   -31.28       -40.17   -20.67   -31.28     0.000
   12.58   -13.53   -16.91        12.58   -13.53   -16.91     0.000
  -14.94    -3.83     4.30       -14.94    -3.83     4.30     0.000
    1.80    19.57    45.73         1.80    19.57    45.73     0.000
   14.65    -5.94    31.76        14.65    -5.94    31.76     0.000
  -32.17    -9.41   -46.70       -32.17    -9.41   -46.70     0.000
   28.41   -11.44   -18.45        28.41   -11.44   -18.45     0.000
   30.62    20.51    -1.13        30.62    20.51    -1.13     0.000
   38.52     5.49     7.85        38.52     5.49     7.85     0.000
   16.75    24.20   -25.86        16.75    24.20   -25.86     0.000
   16.93   -12.02     3.89        16.93   -12.02     3.89     0.000
  -18.44    10.35   -36.05       -18.44    10.35   -36.05     0.000
   11.56   -16.31    -3.31        11.56   -16.31    -3.31     0.000
   34.29     3.01    13.01        34.29     3.01    13.01     0.000
  -35.03   -15.93   -44.10       -35.03   -15.93   -44.10     0.000
   -6.85   -24.92   -16.89        -6.85   -24.92   -16.89     0.000
   -9.45    15.23    13.78        -9.45    15.23    13.78     0.000
   22.29    -8.85   -23.89        22.29    -8.85   -23.89     0.000
   24.40    -4.06    21.36        24.40    -4.06    21.36     0.000
   23.31    11.91    40.65        23.31    11.91    40.65     0.000
  -22.80    10.48   -35.09       -22.80    10.48   -35.09     0.000
  -42.89   -16.57   -26.30       -42.89   -16.57   -26.30     0.000
    5.08    21.81    33.51         5.08    21.81    33.51     0.000
  -15.08    10.77   -31.03       -15.08    10.77   -31.03     0.000
   12.93   -17.03    -4.66        12.93   -17.03    -4.66     0.000
    1.40   -17.77   -24.31         1.40   -17.77   -24.31     0.000
   12.03    -6.87    24.54        12.03    -6.87    24.54     0.000
   28.72    -2.68   -26.67        28.72    -2.68   -26.67     0.000
   24.10    16.80    26.12        24.10    16.80    26.12     0.000
  -39.65   -18.73   -16.41       -39.65   -18.73   -16.41     0.000
  -42.85    -3.08   -26.48       -42.85    -3.08   -26.48     0.000
   12.62    25.64    -7.06        12.62    25.64    -7.06     0.000
    9.39    -6.73    30.42         9.39    -6.73    30.42     0.000
  -29.63   -28.83   -17.04       -29.63   -28.83   -17.04     0.000
    2.52    18.16    61.36         2.52    18.16    61.36     0.000
   32.17     0.53    15.16        32.17     0.53    15.16     0.000
  -33.62    -7.75    -8.41       -33.62    -7.75    -8.41     0.000
   22.36     9.60    50.92        22.36     9.60    50.92     0.000
   15.50    25.60   -10.23        15.50    25.60   -10.23     0.000
   28.72    20.58     9.85        28.72    20.58     9.85     0.000
  -20.77   -20.65    -7.01       -20.77   -20.65    -7.01     0.000
   -3.99   -20.99   -36.90        -3.99   -20.99   -36.90     0.000
   28.25    -9.65     1.00        28.25    -9.65     1.00     0.000
   10.25     9.69   -12.97        10.25     9.69   -12.97     0.000
  -38.61   -10.47   -11.77       -38.61   -10.47   -11.77     0.000
   18.08   -17.31    -7.86        18.08   -17.31    -7.86     0.000
   11.90    23.30   -11.25        11.90    23.30   -11.25     0.000
  -15.34    -2.25   -47.09       -15.34    -2.25   -47.09     0.000
  -29.42   -17.72   -46.47       -29.42   -17.72   -46.47     0.000
  -28.72   -25.65   -41.19       -28.72   -25.65   -41.19     0.000
  -36.20     2.77   -15.78       -36.20     2.77   -15.78     0.000
   -0.07    17.09    59.18        -0.07    17.09    59.18     0.000
   27.36    22.87    -9.71        27.36    22.87    -9.71     0.000
   -5.51    21.63    36.62        -5.51    21.63    36.62     0.000
  -17.04    -9.44   -48.62       -17.04    -9.44   -48.62     0.000
   26.77    15.64    19.68        26.77    15.64    19.68     0.000
   -2.96    -4.75    61.00        -2.96    -4.75    61.00     0.000
    3.85    -7.12    52.70         3.85    -7.12    52.70     0.000
   17.24    18.93    47.62        17.24    18.93    47.62     0.000
  -14.06   -18.41    -7.00       -14.06   -18.41    -7.00     0.000
