200 PA4-E-Debug-Answer.txt 0
  -32.64     5.15   -37.82       -32.64     5.14   -37.81     0.010
   -4.60    -7.29   -41.31        -4.56    -7.28   -41.34     0.054
   -3.11    -4.64    45.32        -3.22    -4.78    45.34     0.182
   -1.79    -5.34    58.23        -1.88    -5.55    58.24     0.231
    2.70    -1.65   -23.99         2.70    -1.65   -23.99     0.000
    1.24   -18.91   -18.76         1.21   -18.87   -18.75     0.059
   28.55    21.93   -11.08        28.57    21.97   -11.08     0.046
  -39.04    -8.32   -12.27       -39.08    -8.31   -12.24     0.049
   22.81     7.24    48.05        22.90     7.24    48.06     0.093
  -34.45   -13.06   -45.68       -34.48   -13.07   -45.72     0.044
   25.75     2.11    29.85        25.90     2.03    29.88     0.175
   -4.12    14.21     6.79        -4.15    14.23     6.77     0.037
   19.55    -3.89   -23.71        19.56    -3.89   -23.67     0.039
   -1.58    -0.79   -27.18        -1.62    -0.81   -27.15     0.053
  -35.34     6.73   -24.91       -35.35     6.75   -24.91     0.019
   -9.16    11.14    36.71        -9.06    11.19    36.68     0.114
   24.95    22.80    10.51        24.90    22.69    10.49     0.118
   -4.92    12.25    60.81        -4.91    12.25    60.81     0.009
   31.11     8.01    17.18        31.13     8.01    17.20     0.031
   25.96    -3.56    19.39        26.05    -3.72    19.44     0.189
   25.45    -2.25    23.42        25.61    -2.43    23.50     0.253
  -23.84   -13.31    -5.97       -23.85   -13.33    -5.90     0.066
  -34.08   -19.79   -10.51       -34.10   -19.81   -10.48     0.036
    0.58    -2.65    63.47         0.58    -2.65    63.39     0.083
   15.50     9.13   -18.50        15.45     9.14   -18.53     0.054
    3.51    24.14    14.01         3.52    24.12    14.02     0.022
  -18.00    -1.02   -46.89       -18.00    -1.01   -46.93     0.037
  -34.77   -26.66   -33.85       -34.71   -26.60   -33.82     0.088
   -7.14     0.44    32.36        -7.11     0.44    32.36     0.022
   17.75    22.77    23.71        17.73    22.72    23.71     0.048
   14.65   -10.83   -19.82        14.65   -10.79   -19.78     0.055
  -32.40   -27.96   -34.56       -32.40   -27.96   -34.56     0.002
   -3.59    -9.16    20.37        -3.56    -9.08    20.36     0.087
   -3.91   -10.84   -40.92        -3.87   -10.84   -40.96     0.054
   37.53    10.80    -7.41        37.63    10.85    -7.43     0.115
    0.15     5.32   -20.97         0.14     5.31   -20.96     0.022
   35.71     7.70   -18.95        35.60     7.68   -18.90     0.124
  -29.31    -9.15   -47.72       -29.32    -9.16   -47.74     0.026
   -6.92    10.61     4.31        -6.95    10.65     4.29     0.051
  -29.39   -30.00   -19.25       -29.38   -29.96   -19.27     0.046
   -6.61     2.92    59.96        -6.51     2.93    59.94     0.102
   14.28    23.79    19.37        14.31    23.93    19.39     0.147
  -21.22    11.72   -32.12       -21.21    11.66   -32.11     0.070
   19.87    12.59    62.07        19.86    12.59    62.06     0.015
   12.20    20.54    57.97        12.20    20.51    57.96     0.024
  -14.40   -12.52   -48.45       -14.43   -12.51   -48.41     0.049
    9.70    24.72    16.27         9.70    24.75    16.28     0.028
   11.04    22.38    30.52        11.04    22.53    30.53     0.143
    7.95    -5.48    63.45         7.95    -5.48    63.42     0.033
   29.39    16.43    13.86        29.51    16.51    13.94     0.162
  -17.55   -30.63   -35.51       -17.55   -30.66   -35.53     0.032
   28.31    21.89     6.22        28.35    21.95     6.23     0.071
   21.57    -0.53    44.68        21.44    -0.46    44.66     0.145
  -13.74    21.14    20.30       -13.69    21.11    20.32     0.059
   -6.04    14.13     9.36        -6.13    14.20     9.31     0.127
   26.34     7.58    30.60        26.20     7.57    30.56     0.143
   38.87     6.75     7.02        38.87     6.75     7.02     0.004
  -22.01    -1.98   -47.32       -22.00    -1.99   -47.39     0.069
   -8.20   -28.20   -21.68        -8.26   -28.09   -21.71     0.132
   15.04    23.00    24.75        15.06    23.11    24.76     0.111
  -11.48   -21.06    -9.61       -11.48   -21.04    -9.64     0.038
   16.21   -15.20   -15.57        16.22   -15.17   -15.54     0.039
   14.84     5.00    63.11        14.84     5.00    63.11     0.002
   27.44     7.40   -30.16        27.44     7.40   -30.17     0.009
    2.25    19.90    42.81         2.26    20.13    42.90     0.252
    0.29    -9.39    21.19         0.29    -9.41    21.19     0.024
  -15.08   -24.99   -11.10       -15.08   -24.99   -11.10     0.005
  -31.18     5.04   -39.41       -31.12     4.99   -39.34     0.107
  -19.38   -18.88    -6.56       -19.38   -18.88    -6.54     0.014
    1.63    17.86    60.15         1.62    17.88    60.15     0.019
  -12.42     3.64    12.44       -12.29     3.65    12.42     0.127
   10.37    -9.57   -21.96        10.36    -9.56   -21.94     0.027
  -39.98     0.99   -21.01       -40.00     1.01   -21.00     0.028
  -10.81   -20.08   -44.05       -10.81   -20.08   -44.07     0.013
  -17.78   -25.82   -42.43       -17.78   -25.82   -42.44     0.014
  -39.95   -11.14   -34.61       -39.96   -11.14   -34.61     0.002
   27.66    -4.00    16.05        27.67    -4.01    16.06     0.021
   18.19     9.03   -27.14        18.26     9.10   -27.10     0.109
   13.88    -5.29    61.82        13.84    -5.23    61.76     0.095
   -2.45    -6.96   -34.37        -2.45    -6.96   -34.37     0.001
   16.24    27.05    -3.96        16.24    27.02    -3.96     0.028
  -21.21     3.64   -43.44       -21.21     3.63   -43.43     0.007
   36.40     9.67   -14.49        36.28     9.62   -14.47     0.129
   -1.70   -20.98   -33.13        -1.76   -20.96   -33.10     0.072
    4.65    -7.42    56.79         4.66    -7.40    56.79     0.019
   25.84     7.64    32.14        25.77     7.64    32.12     0.073
   18.50    20.73    35.63        18.55    20.79    35.63     0.084
   14.02   -12.27     4.51        14.06   -12.43     4.62     0.198
  -19.53   -13.59    -4.94       -19.53   -13.59    -4.94     0.002
    3.67    -8.60    22.94         3.66    -8.56    22.94     0.039
    0.56   -16.81    -7.41         0.56   -16.83    -7.40     0.022
    7.05    -5.79   -23.10         7.03    -5.80   -23.06     0.043
   16.84    -3.96    51.52        16.90    -4.03    51.53     0.094
   13.09   -17.27    -6.79        13.05   -17.38    -6.81     0.120
   -6.89     3.81    52.15        -6.85     3.81    52.15     0.041
    6.56    19.65    59.72         6.53    19.74    59.72     0.090
   15.94    -5.29    38.43        15.96    -5.42    38.43     0.136
   19.03    16.55    50.80        19.05    16.57    50.81     0.036
   -9.07    22.29    34.63        -9.06    22.26    34.61     0.034
   22.70   -13.98    -4.62        22.73   -14.03    -4.58     0.062
   33.39    -6.36   -18.28        33.32    -6.31   -18.26     0.083
   23.35     2.26    41.17        23.33     2.27    41.16     0.017
    2.65    -6.84   -26.02         2.61    -6.85   -25.97     0.068
  -12.17    18.74    35.59       -12.19    18.75    35.61     0.028
   25.40    -7.14   -24.93        25.41    -7.17   -24.99     0.063
   -8.15     8.16   -11.45        -8.15     8.13   -11.46     0.036
   17.22    26.27     7.02        17.23    26.31     7.03     0.040
  -29.04     7.49   -36.83       -29.03     7.47   -36.83     0.019
   24.15     1.02    34.80        24.20     1.00    34.82     0.061
   -4.17    13.52    57.86        -4.29    13.60    57.87     0.144
  -11.37   -29.25   -33.93       -11.35   -29.31   -33.94     0.059
  -28.84    10.14   -21.62       -28.84    10.12   -21.62     0.021
   -4.67    -0.95   -36.91        -4.69    -0.97   -36.90     0.032
   32.21    -5.92   -22.70        32.13    -5.85   -22.63     0.126
   -3.08     5.16   -23.11        -3.12     5.05   -23.03     0.146
   10.35    24.14    -6.10        10.35    24.14    -6.10     0.006
   26.01     0.65   -29.20        26.01     0.65   -29.19     0.006
  -11.94     5.45   -39.35       -11.88     5.53   -39.41     0.112
  -34.35   -18.71   -10.03       -34.31   -18.68   -10.07     0.060
  -26.62     8.90   -35.83       -26.63     8.94   -35.85     0.039
  -15.06     2.45     0.95       -15.08     2.46     0.96     0.027
    0.35     6.56   -19.17         0.36     6.58   -19.19     0.032
   21.88     7.49    55.34        21.90     7.49    55.34     0.020
  -19.32   -30.62   -36.35       -19.32   -30.63   -36.36     0.019
  -10.60     9.71    31.38       -10.61     9.70    31.38     0.016
  -13.97    12.70    20.10       -14.11    12.59    20.03     0.190
   14.48    27.12     1.76        14.51    27.34     1.73     0.223
   22.99    24.52   -19.42        22.98    24.46   -19.41     0.064
    4.72    -4.63   -23.97         4.72    -4.63   -23.97     0.008
   14.21    20.88   -29.64        14.21    20.87   -29.62     0.018
    0.92     8.83   -14.77         0.92     8.70   -14.72     0.141
    0.42   -10.91    11.51         0.41   -11.06    11.53     0.152
   17.72    17.39    53.61        17.81    17.45    53.63     0.107
  -30.14   -26.36   -13.64       -30.15   -26.38   -13.63     0.021
   10.21    22.39    31.29        10.21    22.44    31.30     0.047
   31.64    11.52    14.60        31.53    11.47    14.55     0.125
  -15.98    18.82    26.04       -16.14    18.85    26.05     0.158
    8.24     1.08    63.22         8.25     1.08    63.27     0.055
    2.10    -7.09    57.83         2.09    -7.20    57.83     0.107
   13.82    11.04    63.15        13.82    11.04    63.14     0.006
    2.38    18.37    58.10         2.40    18.32    58.09     0.053
   12.05    25.51    -6.79        12.08    25.46    -6.77     0.064
   -2.80    -7.68   -39.37        -2.81    -7.68   -39.37     0.009
   33.05     7.71   -24.38        33.08     7.71   -24.39     0.032
  -39.13   -13.90   -13.17       -39.10   -13.90   -13.20     0.036
  -35.87   -27.08   -26.56       -35.82   -27.02   -26.56     0.076
   16.04    21.47    36.95        16.06    21.55    36.96     0.078
   18.91    26.31    -7.57        18.90    26.22    -7.56     0.085
   22.66    25.73    -1.97        22.60    25.57    -1.98     0.172
   -9.62    24.47    22.65        -9.65    24.58    22.62     0.117
   22.81    -5.40    20.31        22.73    -5.25    20.27     0.167
  -36.58   -25.73   -30.34       -36.60   -25.74   -30.34     0.021
   17.36    26.00    -9.91        17.36    26.02    -9.91     0.018
  -39.76   -18.19   -34.19       -39.84   -18.21   -34.22     0.087
   15.13   -14.45   -16.05        15.11   -14.50   -16.09     0.070
   13.92    -2.27    63.19        13.92    -2.28    63.09     0.100
   26.05   -11.52    -2.53        26.04   -11.46    -2.55     0.067
   -9.34   -28.86   -29.15        -9.25   -29.00   -29.18     0.175
  -14.09   -11.33   -48.20       -14.08   -11.33   -48.24     0.037
  -37.46   -13.96   -42.32       -37.43   -13.95   -42.30     0.036
   -0.99    -9.46   -32.14        -1.07    -9.51   -32.09     0.106
    3.50     8.22    63.45         3.50     8.22    63.41     0.033
    7.83    -7.87    21.09         7.82    -7.84    21.09     0.035
  -13.05     3.00     8.24       -13.19     3.05     8.25     0.151
  -31.13   -29.13   -19.57       -31.20   -29.25   -19.51     0.154
   26.47   -13.15   -16.15        26.48   -13.17   -16.16     0.030
   11.63    -9.93    10.82        11.67   -10.13    10.91     0.221
  -25.24   -28.19   -13.66       -25.25   -28.29   -13.59     0.122
   20.04    -2.19    42.57        20.23    -2.38    42.59     0.269
   11.30    21.35   -12.31        11.32    21.35   -12.31     0.020
   14.56    -6.35    27.26        14.56    -6.29    27.26     0.061
  -11.20    22.17    18.91       -11.19    22.16    18.92     0.014
  -21.21   -22.47    -7.92       -21.21   -22.44    -7.97     0.065
   16.46   -14.61    -0.85        16.43   -14.55    -0.90     0.083
  -21.28   -20.20    -6.76       -21.28   -20.21    -6.75     0.006
   -4.49    13.75    53.22        -4.48    13.75    53.22     0.007
  -22.10     5.17   -13.92       -22.10     5.18   -13.91     0.017
   37.61     2.78     9.39        37.57     2.78     9.36     0.047
    0.75    18.32     5.04         0.73    18.33     5.03     0.031
   34.55     5.26   -21.93        34.50     5.26   -21.90     0.058
   13.88    -6.02    39.10        13.85    -5.95    39.10     0.080
   29.50     5.67    21.17        29.38     5.69    21.13     0.133
   14.54   -16.59    -3.40        14.54   -16.64    -3.39     0.048
  -33.35     8.30   -25.15       -33.32     8.26   -25.16     0.049
   19.59    21.67   -27.81        19.56    21.63   -27.73     0.096
  -13.48     1.95     8.38       -13.46     1.95     8.37     0.021
    4.57    -7.02    42.65         4.57    -7.00    42.65     0.024
   16.20    22.09   -28.91        16.22    22.14   -28.95     0.065
   -6.00    -0.40    51.02        -5.82    -0.34    51.02     0.192
   -0.40   -20.77   -20.39        -0.44   -20.73   -20.40     0.060
    8.93    -6.65    49.28         8.98    -6.84    49.27     0.202
   31.63    13.14    13.36        31.67    13.16    13.39     0.059
    0.53     3.23   -22.96         0.49     3.19   -22.93     0.062
   27.44    22.63   -14.93        27.45    22.65   -14.93     0.016
  -17.31    -7.62    -0.85       -17.33    -7.63    -0.83     0.029
  -13.17     5.11    -0.33       -13.05     4.97    -0.35     0.191
  -32.23    -4.61    -9.52       -32.23    -4.60    -9.52     0.002
   17.89    22.99    22.70        17.83    22.78    22.69     0.224
    2.00    -3.28   -25.12         2.06    -3.24   -25.17     0.090
    2.51   -17.49   -19.74         2.64   -17.68   -19.77     0.234
