200 PA4-F-Debug-Answer.txt 0
   20.26    15.79    46.92        20.18    15.74    46.90     0.088
    4.96    -7.38    33.23         4.94    -7.28    33.23     0.100
   11.81    -6.33    60.70        11.82    -6.35    60.70     0.023
   14.13    10.12   -16.09        14.15    10.12   -16.08     0.028
   -3.72    10.98    62.37        -3.74    10.99    62.41     0.050
  -10.33    14.50    14.51       -10.34    14.50    14.50     0.008
   16.09    24.80   -18.24        16.13    24.71   -18.24     0.093
  -12.90   -14.34   -47.28       -12.90   -14.35   -47.29     0.013
  -22.35    -6.23    -4.93       -22.34    -6.24    -4.95     0.024
   17.85    22.95    22.89        17.79    22.77    22.88     0.185
   16.09    24.84   -19.79        16.15    24.75   -19.78     0.105
   30.50    -8.84    -2.11        30.53    -8.89    -2.10     0.050
   32.51     2.35    15.34        32.56     2.35    15.38     0.063
   14.52   -14.33     0.77        14.54   -14.39     0.80     0.067
  -17.09   -15.33    -5.08       -17.09   -15.33    -5.09     0.014
    3.18   -10.72    13.41         3.19   -10.80    13.42     0.085
   27.27   -10.79   -21.00        27.27   -10.79   -21.00     0.007
  -30.06   -19.86   -45.36       -30.08   -19.90   -45.42     0.072
    4.32   -13.82    -0.49         4.33   -13.73    -0.51     0.087
   22.71     7.45    48.27        22.88     7.45    48.29     0.164
    0.61    -7.84   -28.29         0.63    -7.83   -28.30     0.020
  -28.64   -26.23   -12.14       -28.67   -26.28   -12.10     0.067
  -18.28   -31.87   -32.35       -18.26   -31.96   -32.37     0.092
  -11.61     8.00   -15.83       -11.61     8.01   -15.83     0.015
  -20.21   -29.62   -38.48       -20.21   -29.54   -38.43     0.093
  -12.24    -8.15     4.42       -12.25    -8.17     4.43     0.025
   -9.47    14.82    38.32        -9.40    14.84    38.27     0.091
   16.96    14.75    62.82        16.96    14.75    62.83     0.003
    6.48    10.83   -11.43         6.49    10.76   -11.39     0.075
   25.25    15.18   -28.14        25.26    15.19   -28.16     0.030
    4.03   -13.48    -0.48         4.00   -13.65    -0.44     0.180
    4.32   -13.09     2.86         4.34   -12.95     2.84     0.142
  -39.59   -21.92   -20.94       -39.57   -21.91   -20.94     0.020
   17.93    23.80    16.13        17.97    23.92    16.15     0.128
   32.72    -6.24   -20.95        32.69    -6.21   -20.94     0.045
   -6.25     9.58    56.69        -6.35     9.61    56.69     0.103
   21.56    17.36    34.30        21.53    17.33    34.29     0.043
  -14.55   -18.58    -6.94       -14.56   -18.58    -6.94     0.009
   20.07    -6.23    18.84        20.07    -6.25    18.84     0.029
   17.30    26.28     6.96        17.30    26.30     6.96     0.019
   -7.00     7.29    56.97        -6.94     7.28    56.97     0.065
   -4.97    13.51    50.83        -4.95    13.50    50.83     0.027
   25.23   -11.11    -1.15        25.22   -11.02    -1.19     0.094
   14.78    -3.42    62.65        14.73    -3.38    62.57     0.101
   29.68     4.53    20.22        29.67     4.53    20.22     0.017
   26.43   -13.19   -15.90        26.46   -13.24   -15.90     0.056
   20.71    13.40    52.26        20.91    13.48    52.29     0.214
  -25.82    10.71   -31.53       -25.82    10.70   -31.53     0.015
  -24.37   -18.28    -6.39       -24.37   -18.28    -6.39     0.002
    4.23   -13.60    -0.12         4.23   -13.61    -0.12     0.018
  -32.78    -7.45    -8.38       -32.79    -7.44    -8.37     0.016
   15.93     2.55   -21.54        15.90     2.55   -21.61     0.073
   -3.60     1.02   -28.36        -3.55     1.04   -28.40     0.067
  -43.70   -11.46   -23.44       -43.70   -11.46   -23.44     0.004
   26.54    19.93    14.25        26.54    19.93    14.24     0.005
   -6.13     0.52    53.86        -6.15     0.51    53.86     0.027
    0.16    23.85    16.51         0.18    23.77    16.52     0.087
  -26.27   -32.21   -28.08       -26.26   -32.19   -28.07     0.019
   -3.40    24.24    20.93        -3.40    24.12    20.94     0.120
   19.06   -10.22   -21.07        19.02   -10.26   -21.10     0.059
   -1.28    23.27    31.68        -1.32    23.07    31.63     0.213
   15.39   -13.84     1.34        15.36   -13.74     1.30     0.108
   30.92     7.37    17.55        30.98     7.38    17.58     0.074
    0.91    24.23    17.26         0.96    24.01    17.25     0.223
   -8.02     1.70    28.77        -7.88     1.72    28.74     0.135
   11.46   -14.47     1.63        11.47   -14.45     1.62     0.021
   12.72    20.86    53.76        12.72    20.94    53.77     0.075
   -2.57    18.65    44.78        -2.49    18.48    44.72     0.193
    7.76    21.65    35.24         7.76    21.70    35.24     0.046
  -15.33    -8.74     0.45       -15.35    -8.76     0.48     0.040
  -22.13   -32.62   -31.17       -22.13   -32.55   -31.15     0.075
    6.45    -9.56   -23.32         6.47    -9.58   -23.35     0.042
  -24.19     7.87   -38.83       -24.20     7.90   -38.84     0.029
  -32.55   -26.83   -16.26       -32.58   -26.87   -16.23     0.053
   -6.90     6.14    60.30        -7.08     6.15    60.30     0.182
   -7.83    23.59    19.13        -7.81    23.50    19.19     0.102
  -23.90    -1.02   -47.21       -23.90    -1.02   -47.20     0.006
   -8.53    12.86    38.34        -8.70    12.78    38.45     0.222
   25.17    -6.30    12.60        25.16    -6.20    12.54     0.117
  -17.34   -29.08   -15.08       -17.35   -29.06   -15.10     0.026
    1.65    18.37    52.06         1.59    18.58    52.10     0.226
    1.89    18.21     3.26         1.93    18.18     3.29     0.061
   -9.61     5.95    27.03        -9.43     6.02    26.99     0.196
   24.68    -0.39   -28.16        24.68    -0.40   -28.16     0.006
   19.03    -9.16   -22.15        19.03    -9.17   -22.16     0.019
   20.33   -10.92     2.22        20.34   -10.93     2.22     0.015
  -20.95   -13.32    -5.01       -20.94   -13.29    -5.07     0.074
  -26.82    10.94   -29.02       -26.84    11.01   -29.04     0.073
   15.78     9.95   -20.44        15.79     9.95   -20.44     0.011
  -19.46    -3.67   -47.81       -19.48    -3.69   -47.77     0.046
  -38.68   -21.82   -18.03       -38.70   -21.84   -18.02     0.024
    6.33    22.30    -0.92         6.31    22.31    -0.93     0.020
   -9.14    -9.79     5.19        -9.12    -9.76     5.18     0.035
  -34.49     7.50   -27.25       -34.53     7.57   -27.26     0.081
    4.23    18.51    -1.21         4.26    18.49    -1.18     0.050
   -2.86     4.96   -23.14        -2.88     4.90   -23.09     0.070
   -1.65   -22.45   -26.99        -1.62   -22.48   -26.99     0.035
  -11.95   -14.23   -47.08       -11.96   -14.23   -47.04     0.041
    5.20    -5.96   -23.87         5.23    -5.95   -23.92     0.058
   11.20    -7.04    23.29        11.21    -7.10    23.29     0.060
   16.89     7.82   -23.66        16.77     7.81   -23.68     0.115
  -24.10     7.92   -38.80       -24.10     7.94   -38.81     0.023
   -0.64    -9.07    23.60        -0.64    -8.99    23.58     0.090
  -10.27   -27.49   -36.35       -10.26   -27.51   -36.36     0.017
   12.77    18.79    62.49        12.77    18.80    62.52     0.034
   -2.89    15.11    57.60        -2.89    15.11    57.60     0.001
   18.98    -3.53    40.08        18.95    -3.49    40.08     0.050
   -0.30    -2.70   -27.18        -0.34    -2.71   -27.14     0.060
  -41.82    -9.71   -16.91       -41.88    -9.72   -16.88     0.059
   21.86    10.22   -30.70        21.88    10.24   -30.67     0.045
   15.02    -6.71    20.77        15.05    -6.90    20.79     0.191
    9.09   -11.95   -20.55         9.06   -11.93   -20.52     0.045
  -11.48    24.19    27.59       -11.49    24.22    27.59     0.035
   11.15   -16.69    -4.71        11.17   -16.61    -4.73     0.086
   -0.47    16.84    58.77        -0.49    16.87    58.77     0.041
   -4.05     4.17   -25.84        -4.04     4.18   -25.84     0.012
  -22.99    -3.65    -6.79       -22.93    -3.69    -6.86     0.093
   17.93    26.37     6.20        17.91    26.32     6.18     0.053
  -32.82   -22.68   -41.34       -32.81   -22.67   -41.33     0.018
   20.38     4.03    62.14        20.36     4.03    62.12     0.028
   34.04    -4.92    -6.98        34.03    -4.90    -6.98     0.021
   21.99     2.88    50.75        21.97     2.89    50.75     0.026
   -2.22     7.93   -17.76        -2.22     7.88   -17.73     0.058
   -3.71   -13.50    -0.17        -3.71   -13.49    -0.17     0.005
  -38.86     3.59   -26.07       -38.84     3.57   -26.07     0.032
   12.31    16.98    63.10        12.31    16.98    63.10     0.003
   10.92   -12.81   -18.76        10.90   -12.76   -18.72     0.075
   -8.14     1.51   -39.60        -8.09     1.55   -39.64     0.088
   17.96    22.90    22.94        17.91    22.73    22.93     0.175
  -17.66     1.17   -45.70       -17.66     1.11   -45.62     0.097
   18.50    11.09    63.12        18.50    11.09    63.10     0.020
   21.65    -8.69   -23.78        21.67    -8.65   -23.74     0.056
   -0.98    14.36     0.93        -0.91    14.27     0.98     0.120
   22.10    10.34    51.89        22.07    10.33    51.89     0.033
  -29.74     4.40   -40.54       -29.73     4.39   -40.53     0.022
  -41.26   -17.84   -29.83       -41.30   -17.85   -29.86     0.055
   36.67     2.58   -15.80        36.72     2.59   -15.83     0.064
   21.61    14.12   -30.32        21.62    14.12   -30.33     0.011
   19.48   -11.27   -20.41        19.44   -11.32   -20.45     0.072
  -43.04   -12.44   -21.04       -43.10   -12.44   -21.03     0.063
   -1.11   -20.02   -33.00        -1.08   -20.03   -33.00     0.032
  -27.47   -27.45   -12.62       -27.45   -27.42   -12.64     0.040
   28.33    21.89   -13.29        28.39    21.99   -13.28     0.114
   37.97    11.38     6.15        37.98    11.39     6.15     0.005
   -2.89    -9.77    17.63        -2.87    -9.71    17.62     0.066
    0.27    20.40     8.11         0.28    20.39     8.12     0.021
   23.63     3.23    40.61        23.71     3.22    40.62     0.083
  -38.74     0.32   -35.56       -38.77     0.33   -35.57     0.027
   -3.60    13.25    61.99        -3.63    13.26    62.05     0.063
   35.27    13.70     8.44        35.32    13.75     8.47     0.072
   33.14     7.37   -24.35        33.11     7.37   -24.34     0.028
    7.79    18.58    -7.48         7.81    18.57    -7.47     0.027
   15.21     3.51    63.01        15.21     3.51    63.02     0.012
  -13.56   -25.04   -11.25       -13.59   -25.00   -11.30     0.071
  -14.75    12.16    22.28       -14.69    12.21    22.29     0.076
  -21.53    11.87   -30.73       -21.53    11.90   -30.73     0.037
  -19.00   -32.59   -28.83       -19.00   -32.61   -28.83     0.020
   18.84    19.71    39.31        18.75    19.64    39.29     0.117
   11.33    -6.54    28.06        11.34    -6.62    28.07     0.088
  -26.69   -25.75   -10.51       -26.69   -25.73   -10.53     0.034
   19.48    -8.62   -22.85        19.48    -8.62   -22.85     0.001
  -14.57   -25.94   -41.49       -14.57   -25.94   -41.48     0.008
  -15.60   -31.72   -23.30       -15.60   -31.72   -23.30     0.009
   28.87     6.52    21.78        29.04     6.55    21.84     0.180
    2.05    21.95     8.48         2.01    22.02     8.45     0.093
  -27.55   -21.15   -45.68       -27.55   -21.15   -45.67     0.006
    0.79    -6.57    42.45         0.70    -6.77    42.45     0.216
   20.41    14.75    48.24        20.57    14.86    48.26     0.194
  -10.09     9.42   -23.45       -10.19     9.27   -23.41     0.191
   22.32    21.70    18.91        22.28    21.62    18.90     0.099
   12.69    25.18    14.08        12.69    25.20    14.08     0.025
   -6.64     4.19   -30.53        -6.57     4.23   -30.56     0.085
   39.70     3.76     1.88        39.69     3.77     1.88     0.010
    1.41    -6.91    54.23         1.39    -6.94    54.23     0.033
   15.36   -14.54     0.19        15.30   -14.42     0.12     0.149
  -17.55    -7.90    -1.29       -17.56    -7.90    -1.29     0.006
   33.69    -6.80   -12.77        33.70    -6.80   -12.77     0.005
   -7.49   -25.40   -36.33        -7.42   -25.47   -36.38     0.106
   14.36    21.98    36.31        14.36    21.95    36.31     0.036
   21.55    -9.82     3.52        21.55    -9.83     3.52     0.011
   22.34   -15.03   -16.58        22.34   -15.02   -16.57     0.022
   26.04    -4.02    18.01        26.09    -4.13    18.04     0.123
    0.28     9.76   -10.77         0.27     9.84   -10.78     0.081
   13.97     0.96    62.99        13.97     0.96    63.01     0.017
   14.39    -5.86    39.42        14.38    -5.81    39.43     0.045
   29.04     6.78    22.05        28.94     6.77    22.01     0.110
  -27.55    -0.16   -45.28       -27.53    -0.19   -45.24     0.052
    0.51    -3.20   -26.55         0.52    -3.19   -26.57     0.020
   27.31    10.81    24.69        27.25    10.79    24.67     0.066
  -37.30   -17.81   -12.26       -37.29   -17.80   -12.27     0.013
  -33.55   -26.03   -16.34       -33.58   -26.06   -16.31     0.049
   -1.72    13.30     0.17        -1.66    13.22     0.20     0.097
  -10.10   -29.63   -28.59       -10.09   -29.64   -28.59     0.019
    6.21     9.83   -12.69         6.21     9.89   -12.73     0.078
   11.18    22.93    29.04        11.18    22.79    29.02     0.152
   29.91    -1.96    16.63        29.93    -1.99    16.64     0.035
   -8.17   -16.45    -5.33        -8.17   -16.43    -5.35     0.017
   29.19    -7.81   -23.26        29.24    -7.89   -23.30     0.106
  -36.31    -9.15    -8.53       -36.29    -9.15    -8.56     0.029
    1.48   -19.05   -16.19         1.45   -19.00   -16.20     0.061
