200 PA4-E-Debug-Output.txt 0
  -32.65     5.12   -37.82       -32.65     5.12   -37.82     0.003
   -4.61    -7.31   -41.31        -4.56    -7.30   -41.35     0.067
   -3.11    -4.63    45.32        -3.23    -4.77    45.34     0.193
   -1.80    -5.32    58.23        -1.89    -5.55    58.25     0.251
    2.69    -1.67   -23.99         2.70    -1.67   -24.00     0.008
    1.23   -18.93   -18.75         1.20   -18.88   -18.74     0.066
   28.54    21.92   -11.09        28.57    21.97   -11.10     0.058
  -39.05    -8.33   -12.26       -39.08    -8.33   -12.24     0.043
   22.81     7.26    48.04        22.90     7.26    48.05     0.097
  -34.46   -13.09   -45.68       -34.48   -13.10   -45.71     0.038
   25.75     2.12    29.84        25.91     2.03    29.88     0.184
   -4.13    14.21     6.78        -4.15    14.23     6.77     0.032
   19.54    -3.91   -23.71        19.56    -3.91   -23.67     0.042
   -1.59    -0.81   -27.18        -1.62    -0.83   -27.16     0.042
  -35.35     6.71   -24.91       -35.36     6.74   -24.91     0.028
   -9.16    11.15    36.70        -9.07    11.20    36.67     0.110
   24.94    22.80    10.50        24.90    22.69    10.48     0.113
   -4.92    12.28    60.81        -4.90    12.27    60.80     0.024
   31.10     8.02    17.18        31.14     8.02    17.20     0.039
   25.96    -3.56    19.39        26.05    -3.72    19.44     0.195
   25.45    -2.25    23.41        25.61    -2.43    23.50     0.261
  -23.84   -13.32    -5.96       -23.86   -13.33    -5.91     0.057
  -34.08   -19.81   -10.50       -34.10   -19.81   -10.48     0.022
    0.58    -2.63    63.47         0.57    -2.63    63.39     0.083
   15.49     9.12   -18.51        15.45     9.13   -18.53     0.048
    3.51    24.14    14.00         3.52    24.12    14.00     0.027
  -18.01    -1.05   -46.89       -18.01    -1.03   -46.94     0.047
  -34.77   -26.68   -33.83       -34.71   -26.61   -33.80     0.105
   -7.14     0.45    32.36        -7.12     0.45    32.36     0.024
   17.74    22.78    23.70        17.73    22.73    23.70     0.052
   14.64   -10.84   -19.81        14.64   -10.80   -19.77     0.064
  -32.41   -27.98   -34.55       -32.40   -27.97   -34.54     0.019
   -3.60    -9.16    20.38        -3.57    -9.08    20.37     0.085
   -3.92   -10.86   -40.92        -3.87   -10.87   -40.96     0.059
   37.53    10.79    -7.42        37.63    10.84    -7.44     0.123
    0.14     5.31   -20.97         0.14     5.30   -20.97     0.008
   35.71     7.68   -18.95        35.60     7.67   -18.91     0.119
  -29.32    -9.18   -47.71       -29.33    -9.18   -47.74     0.025
   -6.93    10.61     4.30        -6.96    10.64     4.28     0.048
  -29.40   -30.02   -19.23       -29.38   -29.96   -19.26     0.067
   -6.61     2.94    59.96        -6.51     2.95    59.93     0.101
   14.28    23.79    19.36        14.31    23.94    19.38     0.147
  -21.22    11.70   -32.13       -21.22    11.65   -32.12     0.052
   19.87    12.62    62.07        19.86    12.61    62.05     0.016
   12.20    20.56    57.95        12.19    20.52    57.95     0.046
  -14.41   -12.54   -48.45       -14.43   -12.54   -48.41     0.043
    9.69    24.72    16.26         9.69    24.75    16.26     0.027
   11.04    22.39    30.50        11.04    22.53    30.52     0.134
    7.95    -5.45    63.45         7.95    -5.45    63.42     0.033
   29.39    16.43    13.85        29.51    16.52    13.93     0.171
  -17.56   -30.66   -35.50       -17.56   -30.67   -35.51     0.020
   28.31    21.89     6.20        28.35    21.96     6.22     0.079
   21.56    -0.51    44.68        21.45    -0.44    44.66     0.134
  -13.74    21.14    20.29       -13.69    21.11    20.32     0.070
   -6.04    14.13     9.36        -6.13    14.19     9.30     0.120
   26.34     7.59    30.59        26.20     7.58    30.56     0.138
   38.86     6.75     7.01        38.87     6.75     7.02     0.012
  -22.02    -2.01   -47.32       -22.01    -2.02   -47.39     0.068
   -8.20   -28.21   -21.66        -8.27   -28.09   -21.70     0.145
   15.04    23.00    24.74        15.05    23.11    24.74     0.106
  -11.49   -21.07    -9.60       -11.49   -21.04    -9.64     0.052
   16.21   -15.21   -15.56        16.21   -15.18   -15.53     0.047
   14.83     5.03    63.10        14.83     5.03    63.11     0.006
   27.43     7.38   -30.16        27.43     7.38   -30.16     0.000
    2.25    19.91    42.80         2.26    20.14    42.88     0.241
    0.28    -9.38    21.19         0.28    -9.41    21.19     0.029
  -15.08   -25.00   -11.09       -15.08   -24.99   -11.10     0.010
  -31.18     5.02   -39.41       -31.13     4.96   -39.35     0.099
  -19.39   -18.89    -6.55       -19.39   -18.89    -6.54     0.005
    1.63    17.89    60.13         1.63    17.88    60.13     0.004
  -12.42     3.64    12.44       -12.29     3.65    12.42     0.132
   10.36    -9.59   -21.96        10.35    -9.57   -21.93     0.032
  -39.99     0.97   -21.01       -40.01     0.99   -21.00     0.033
  -10.82   -20.11   -44.05       -10.81   -20.11   -44.06     0.011
  -17.79   -25.84   -42.41       -17.79   -25.85   -42.42     0.009
  -39.96   -11.17   -34.60       -39.95   -11.16   -34.61     0.012
   27.65    -3.99    16.05        27.67    -4.01    16.06     0.026
   18.19     9.01   -27.15        18.27     9.10   -27.10     0.129
   13.88    -5.26    61.82        13.85    -5.22    61.77     0.078
   -2.46    -6.98   -34.37        -2.45    -6.97   -34.37     0.014
   16.23    27.04    -3.98        16.23    27.02    -3.97     0.024
  -21.21     3.61   -43.44       -21.21     3.61   -43.44     0.009
   36.40     9.66   -14.50        36.29     9.61   -14.48     0.120
   -1.70   -21.00   -33.12        -1.76   -20.98   -33.09     0.069
    4.65    -7.39    56.79         4.65    -7.40    56.79     0.003
   25.84     7.65    32.13        25.77     7.65    32.11     0.068
   18.50    20.74    35.61        18.55    20.80    35.62     0.078
   14.02   -12.28     4.51        14.05   -12.43     4.62     0.195
  -19.53   -13.60    -4.93       -19.53   -13.59    -4.94     0.012
    3.66    -8.59    22.94         3.66    -8.56    22.94     0.032
    0.55   -16.82    -7.40         0.56   -16.83    -7.39     0.012
    7.04    -5.81   -23.10         7.03    -5.82   -23.06     0.037
   16.83    -3.94    51.52        16.91    -4.02    51.53     0.111
   13.09   -17.28    -6.79        13.05   -17.38    -6.80     0.111
   -6.90     3.83    52.14        -6.85     3.84    52.15     0.043
    6.56    19.68    59.71         6.53    19.74    59.71     0.067
   15.94    -5.27    38.43        15.96    -5.42    38.43     0.150
   19.02    16.57    50.79        19.04    16.58    50.79     0.027
   -9.07    22.30    34.62        -9.06    22.27    34.60     0.038
   22.70   -13.99    -4.61        22.72   -14.03    -4.58     0.057
   33.38    -6.37   -18.28        33.31    -6.33   -18.26     0.086
   23.34     2.28    41.16        23.34     2.28    41.16     0.008
    2.64    -6.86   -26.02         2.60    -6.86   -25.97     0.061
  -12.18    18.75    35.58       -12.20    18.76    35.60     0.030
   25.39    -7.15   -24.93        25.40    -7.18   -24.98     0.056
   -8.16     8.15   -11.46        -8.16     8.13   -11.46     0.026
   17.21    26.27     7.01        17.22    26.31     7.02     0.046
  -29.04     7.47   -36.84       -29.04     7.47   -36.83     0.002
   24.14     1.03    34.80        24.21     1.01    34.82     0.070
   -4.17    13.54    57.85        -4.28    13.62    57.86     0.128
  -11.38   -29.28   -33.91       -11.36   -29.32   -33.92     0.045
  -28.85    10.13   -21.62       -28.85    10.12   -21.63     0.007
   -4.67    -0.97   -36.91        -4.69    -0.98   -36.91     0.014
   32.21    -5.93   -22.70        32.12    -5.87   -22.63     0.130
   -3.08     5.14   -23.11        -3.12     5.04   -23.04     0.134
   10.34    24.13    -6.11        10.34    24.13    -6.11     0.002
   26.00     0.63   -29.20        26.01     0.64   -29.19     0.020
  -11.95     5.43   -39.35       -11.88     5.51   -39.43     0.130
  -34.36   -18.72   -10.02       -34.31   -18.69   -10.07     0.074
  -26.63     8.88   -35.83       -26.64     8.93   -35.86     0.056
  -15.06     2.44     0.95       -15.08     2.46     0.96     0.026
    0.34     6.55   -19.17         0.35     6.58   -19.20     0.041
   21.88     7.52    55.33        21.90     7.52    55.33     0.023
  -19.33   -30.64   -36.33       -19.33   -30.65   -36.34     0.007
  -10.61     9.72    31.37       -10.62     9.71    31.38     0.022
  -13.97    12.70    20.10       -14.11    12.60    20.02     0.186
   14.48    27.12     1.75        14.50    27.34     1.71     0.226
   22.99    24.50   -19.44        22.97    24.45   -19.43     0.051
    4.71    -4.65   -23.97         4.72    -4.64   -23.98     0.015
   14.20    20.86   -29.65        14.21    20.85   -29.63     0.019
    0.91     8.81   -14.78         0.92     8.69   -14.73     0.132
    0.41   -10.91    11.51         0.41   -11.06    11.53     0.152
   17.72    17.41    53.60        17.79    17.48    53.61     0.096
  -30.14   -26.38   -13.62       -30.14   -26.38   -13.62     0.003
   10.21    22.40    31.28        10.21    22.44    31.28     0.038
   31.63    11.52    14.59        31.53    11.48    14.54     0.117
  -15.99    18.83    26.03       -16.14    18.86    26.04     0.153
    8.24     1.10    63.21         8.25     1.11    63.27     0.056
    2.10    -7.07    57.83         2.09    -7.20    57.83     0.130
   13.82    11.07    63.14        13.82    11.07    63.14     0.002
    2.38    18.39    58.09         2.40    18.32    58.08     0.074
   12.05    25.50    -6.80        12.08    25.45    -6.79     0.064
   -2.81    -7.71   -39.37        -2.81    -7.71   -39.37     0.003
   33.04     7.70   -24.39        33.08     7.70   -24.40     0.036
  -39.14   -13.91   -13.17       -39.10   -13.91   -13.19     0.047
  -35.87   -27.10   -26.55       -35.81   -27.02   -26.54     0.094
   16.04    21.48    36.94        16.05    21.55    36.94     0.067
   18.90    26.30    -7.58        18.89    26.22    -7.58     0.076
   22.65    25.72    -1.99        22.59    25.57    -2.00     0.163
   -9.63    24.48    22.64        -9.66    24.57    22.61     0.107
   22.80    -5.39    20.31        22.73    -5.25    20.27     0.161
  -36.59   -25.75   -30.32       -36.59   -25.75   -30.32     0.003
   17.36    25.99    -9.92        17.36    26.02    -9.93     0.026
  -39.77   -18.21   -34.18       -39.84   -18.23   -34.21     0.077
   15.12   -14.46   -16.04        15.11   -14.51   -16.08     0.061
   13.92    -2.25    63.19        13.92    -2.26    63.09     0.100
   26.05   -11.52    -2.52        26.03   -11.46    -2.55     0.073
   -9.35   -28.88   -29.14        -9.26   -29.01   -29.17     0.165
  -14.10   -11.36   -48.20       -14.08   -11.36   -48.24     0.045
  -37.47   -13.99   -42.32       -37.43   -13.97   -42.29     0.046
   -1.00    -9.48   -32.14        -1.07    -9.52   -32.10     0.089
    3.49     8.24    63.44         3.49     8.24    63.41     0.029
    7.82    -7.87    21.10         7.81    -7.84    21.09     0.030
  -13.05     3.00     8.24       -13.19     3.05     8.24     0.146
  -31.13   -29.14   -19.55       -31.19   -29.25   -19.50     0.133
   26.46   -13.16   -16.15        26.47   -13.18   -16.15     0.023
   11.63    -9.93    10.82        11.67   -10.13    10.91     0.221
  -25.25   -28.20   -13.64       -25.25   -28.29   -13.58     0.104
   20.04    -2.17    42.56        20.23    -2.38    42.59     0.283
   11.29    21.34   -12.33        11.31    21.33   -12.32     0.026
   14.56    -6.34    27.26        14.56    -6.29    27.26     0.052
  -11.20    22.17    18.90       -11.19    22.15    18.92     0.027
  -21.21   -22.48    -7.91       -21.22   -22.44    -7.97     0.078
   16.45   -14.61    -0.85        16.42   -14.55    -0.90     0.088
  -21.29   -20.21    -6.75       -21.29   -20.21    -6.75     0.007
   -4.49    13.78    53.21        -4.47    13.76    53.21     0.020
  -22.10     5.16   -13.93       -22.11     5.17   -13.91     0.026
   37.60     2.78     9.38        37.57     2.78     9.36     0.040
    0.75    18.32     5.03         0.73    18.33     5.02     0.022
   34.54     5.25   -21.93        34.50     5.25   -21.90     0.054
   13.87    -6.01    39.10        13.86    -5.95    39.10     0.066
   29.50     5.68    21.17        29.38     5.69    21.12     0.126
   14.53   -16.60    -3.40        14.54   -16.64    -3.38     0.040
  -33.35     8.28   -25.16       -33.33     8.25   -25.16     0.037
   19.59    21.65   -27.82        19.55    21.61   -27.74     0.097
  -13.49     1.95     8.38       -13.47     1.95     8.37     0.025
    4.57    -7.01    42.66         4.57    -7.00    42.66     0.009
   16.19    22.07   -28.93        16.22    22.13   -28.97     0.076
   -6.01    -0.38    51.02        -5.83    -0.32    51.02     0.189
   -0.40   -20.79   -20.38        -0.45   -20.74   -20.39     0.067
    8.93    -6.63    49.28         8.98    -6.84    49.27     0.221
   31.62    13.14    13.35        31.68    13.16    13.39     0.068
    0.53     3.21   -22.97         0.49     3.18   -22.94     0.051
   27.43    22.62   -14.95        27.45    22.65   -14.95     0.031
  -17.31    -7.63    -0.85       -17.33    -7.63    -0.83     0.022
  -13.18     5.11    -0.34       -13.05     4.97    -0.35     0.190
  -32.23    -4.62    -9.52       -32.23    -4.61    -9.52     0.002
   17.89    22.99    22.69        17.82    22.78    22.67     0.227
    1.99    -3.29   -25.12         2.06    -3.26   -25.18     0.101
    2.50   -17.50   -19.74         2.63   -17.69   -19.77     0.226
