200 PA4-C-Debug-Answer.txt 0
    3.41    19.49    48.66         3.41    19.49    48.66     0.000
   22.43     0.49    40.34        22.43     0.49    40.34     0.000
   -7.71     7.78   -21.20        -7.71     7.78   -21.20     0.000
   28.63     9.46    21.94        28.63     9.46    21.94     0.000
    7.65    -5.77    63.42         7.65    -5.77    63.42     0.000
  -10.23   -29.95   -26.29       -10.23   -29.95   -26.29     0.000
   22.30    19.86    24.72        22.30    19.86    24.72     0.000
   14.93   -14.17     0.87        14.93   -14.17     0.87     0.000
   15.32    25.37    12.13        15.32    25.37    12.13     0.000
  -38.42    -3.40   -39.46       -38.42    -3.40   -39.46     0.000
   -4.18   -25.87   -24.77        -4.18   -25.87   -24.77     0.000
   -8.13   -26.79   -35.10        -8.13   -26.79   -35.10     0.000
   23.86    17.82    24.92        23.86    17.82    24.92     0.000
  -12.89   -16.13    -5.08       -12.89   -16.13    -5.08     0.000
  -14.04   -28.38   -38.04       -14.04   -28.38   -38.04     0.000
    1.21   -11.72   -28.21         1.21   -11.72   -28.21     0.000
   17.89    18.02    49.14        17.89    18.02    49.14     0.000
   13.42    -9.72    10.93        13.42    -9.72    10.93     0.000
   33.53    16.72    -2.58        33.53    16.72    -2.58     0.000
  -31.23   -25.64   -13.59       -31.23   -25.64   -13.59     0.000
   18.66    15.10   -31.20        18.66    15.10   -31.20     0.000
   37.02     9.41     8.35        37.02     9.41     8.35     0.000
    8.23    20.64    53.68         8.23    20.64    53.68     0.000
   -7.35   -21.02   -41.24        -7.35   -21.02   -41.24     0.000
  -26.51   -18.13    -7.08       -26.51   -18.13    -7.08     0.000
   -0.79   -14.34   -35.50        -0.79   -14.34   -35.50     0.000
   10.97    -9.47    13.00        10.97    -9.47    13.00     0.000
   14.25    26.14    10.20        14.25    26.14    10.20     0.000
    8.28    23.00    -4.37         8.28    23.00    -4.37     0.000
    7.27     0.57    63.37         7.27     0.57    63.37     0.000
    4.27    23.57    23.52         4.27    23.57    23.52     0.000
  -39.91    -0.53   -17.72       -39.91    -0.53   -17.72     0.000
  -21.47   -11.22   -49.20       -21.47   -11.22   -49.20     0.000
   11.79    -7.11    22.75        11.79    -7.11    22.75     0.000
   -4.34    18.36    42.47        -4.34    18.36    42.47     0.000
    6.33   -15.00   -19.09         6.33   -15.00   -19.09     0.000
   20.91     3.92   -27.78        20.91     3.92   -27.78     0.000
  -18.41   -20.77    -7.35       -18.41   -20.77    -7.35     0.000
    6.41    -6.96    49.03         6.41    -6.96    49.03     0.000
   -0.88    19.83     8.97        -0.88    19.83     8.97     0.000
  -14.70   -23.59   -43.61       -14.70   -23.59   -43.61     0.000
    5.57    22.04    32.43         5.57    22.04    32.43     0.000
   27.23    22.29     7.69        27.23    22.29     7.69     0.000
   14.78    27.31     2.17        14.78    27.31     2.17     0.000
   27.32   -11.34    -7.45        27.32   -11.34    -7.45     0.000
  -39.80     1.93   -29.82       -39.80     1.93   -29.82     0.000
   18.16   -16.68   -13.35        18.16   -16.68   -13.35     0.000
  -32.28   -29.16   -30.59       -32.28   -29.16   -30.59     0.000
   -7.11    11.73    42.56        -7.11    11.73    42.56     0.000
  -26.79   -11.25   -48.29       -26.79   -11.25   -48.29     0.000
   -3.66    -3.97    50.98        -3.66    -3.97    50.98     0.000
    0.82   -16.38   -27.97         0.82   -16.38   -27.97     0.000
   -4.59   -25.47   -29.48        -4.59   -25.47   -29.48     0.000
   -2.85    -4.81    56.60        -2.85    -4.81    56.60     0.000
  -33.73   -14.50   -45.69       -33.73   -14.50   -45.69     0.000
   -9.35   -10.36   -46.53        -9.35   -10.36   -46.53     0.000
   -8.83   -20.44    -9.38        -8.83   -20.44    -9.38     0.000
   26.12    23.86    -2.95        26.12    23.86    -2.95     0.000
  -28.22   -31.31   -30.47       -28.22   -31.31   -30.47     0.000
   -2.64    -5.04    59.71        -2.64    -5.04    59.71     0.000
   33.47    15.33   -16.34        33.47    15.33   -16.34     0.000
   35.87     6.57    10.78        35.87     6.57    10.78     0.000
   11.27    23.84    22.04        11.27    23.84    22.04     0.000
    3.65   -12.18     6.35         3.65   -12.18     6.35     0.000
   36.30    11.54   -12.56        36.30    11.54   -12.56     0.000
    7.66   -16.04   -15.00         7.66   -16.04   -15.00     0.000
   11.57     8.50   -14.13        11.57     8.50   -14.13     0.000
  -13.05   -27.86   -38.45       -13.05   -27.86   -38.45     0.000
   36.31    13.99     0.24        36.31    13.99     0.24     0.000
   -9.20   -27.48   -35.08        -9.20   -27.48   -35.08     0.000
    2.35   -11.28    11.31         2.35   -11.28    11.31     0.000
  -11.55     4.07    17.10       -11.55     4.07    17.10     0.000
  -40.12   -10.73   -36.76       -40.12   -10.73   -36.76     0.000
    7.18     2.07    63.31         7.18     2.07    63.31     0.000
  -10.67    24.30    28.66       -10.67    24.30    28.66     0.000
   34.53     4.66   -21.89        34.53     4.66   -21.89     0.000
   17.43     7.28   -24.67        17.43     7.28   -24.67     0.000
  -25.98   -32.20   -28.92       -25.98   -32.20   -28.92     0.000
    5.48    19.47    56.54         5.48    19.47    56.54     0.000
   19.30   -11.24   -20.39        19.30   -11.24   -20.39     0.000
   27.31    22.83   -10.55        27.31    22.83   -10.55     0.000
   -4.06     0.15   -30.16        -4.06     0.15   -30.16     0.000
   -0.14    17.25    57.56        -0.14    17.25    57.56     0.000
   -5.15     8.83   -10.65        -5.15     8.83   -10.65     0.000
   18.85    -8.49    10.07        18.85    -8.49    10.07     0.000
   -7.77   -18.63    -7.67        -7.77   -18.63    -7.67     0.000
  -21.87    12.22   -28.51       -21.87    12.22   -28.51     0.000
    6.04   -14.54   -20.53         6.04   -14.54   -20.53     0.000
  -13.40    14.19    17.85       -13.40    14.19    17.85     0.000
   13.68    24.90    15.04        13.68    24.90    15.04     0.000
   -2.31   -14.83   -38.39        -2.31   -14.83   -38.39     0.000
  -19.09   -32.64   -28.37       -19.09   -32.64   -28.37     0.000
   23.89    11.31    37.98        23.89    11.31    37.98     0.000
   34.40     0.66    12.70        34.40     0.66    12.70     0.000
  -24.71     2.55   -44.21       -24.71     2.55   -44.21     0.000
   23.92   -10.99    -0.72        23.92   -10.99    -0.72     0.000
   37.64    -1.49     6.59        37.64    -1.49     6.59     0.000
   20.75    -8.75   -23.14        20.75    -8.75   -23.14     0.000
  -27.92   -31.21   -31.66       -27.92   -31.21   -31.66     0.000
   22.19   -13.82    -3.96        22.19   -13.82    -3.96     0.000
  -29.01   -21.96   -44.45       -29.01   -21.96   -44.45     0.000
   30.61    -8.49     0.17        30.61    -8.49     0.17     0.000
   29.74    21.15    -1.71        29.74    21.15    -1.71     0.000
   24.90    19.94    17.06        24.90    19.94    17.06     0.000
  -19.34   -18.84    -6.54       -19.34   -18.84    -6.54     0.000
  -20.67   -24.20   -44.43       -20.67   -24.20   -44.43     0.000
   29.33    21.04   -17.56        29.33    21.04   -17.56     0.000
  -11.65   -28.51   -17.40       -11.65   -28.51   -17.40     0.000
   -1.09   -21.74   -23.51        -1.09   -21.74   -23.51     0.000
   17.01   -17.61    -8.52        17.01   -17.61    -8.52     0.000
  -10.50     7.95   -13.28       -10.50     7.95   -13.28     0.000
   35.07    13.82     8.76        35.07    13.82     8.76     0.000
  -16.91   -17.88   -47.19       -16.91   -17.88   -47.19     0.000
  -29.13   -27.38   -13.91       -29.13   -27.38   -13.91     0.000
   22.62    18.11    28.22        22.62    18.11    28.22     0.000
   19.08     7.26   -26.79        19.08     7.26   -26.79     0.000
   -5.03    -2.34    61.58        -5.03    -2.34    61.58     0.000
   20.29   -12.10     0.25        20.29   -12.10     0.25     0.000
   11.93   -15.99    -2.01        11.93   -15.99    -2.01     0.000
   29.76    19.67   -19.82        29.76    19.67   -19.82     0.000
    4.92    23.30    25.53         4.92    23.30    25.53     0.000
    4.41    21.10     1.30         4.41    21.10     1.30     0.000
    8.73    -7.09    55.71         8.73    -7.09    55.71     0.000
   18.01   -14.99   -16.43        18.01   -14.99   -16.43     0.000
  -28.24   -17.72    -7.29       -28.24   -17.72    -7.29     0.000
   27.81     4.43    25.17        27.81     4.43    25.17     0.000
   -3.49    -9.06    20.70        -3.49    -9.06    20.70     0.000
   31.94     8.72    15.55        31.94     8.72    15.55     0.000
   -5.06     2.81    62.98        -5.06     2.81    62.98     0.000
  -32.58     7.30   -19.08       -32.58     7.30   -19.08     0.000
   18.02    -0.31    61.99        18.02    -0.31    61.99     0.000
   -8.90    10.40     8.70        -8.90    10.40     8.70     0.000
  -12.07   -16.51    -5.58       -12.07   -16.51    -5.58     0.000
   31.08    16.45    11.69        31.08    16.45    11.69     0.000
   -1.45    21.37    37.54        -1.45    21.37    37.54     0.000
    7.90    24.30    18.91         7.90    24.30    18.91     0.000
   13.94    17.18   -30.29        13.94    17.18   -30.29     0.000
   13.53    -5.98    45.44        13.53    -5.98    45.44     0.000
   33.93    17.01     4.03        33.93    17.01     4.03     0.000
   -3.16    -4.93    44.65        -3.16    -4.93    44.65     0.000
    5.17    -7.27    32.29         5.17    -7.27    32.29     0.000
   -4.19    22.62    34.44        -4.19    22.62    34.44     0.000
    8.16    22.00    33.71         8.16    22.00    33.71     0.000
    4.67   -17.18   -15.97         4.67   -17.18   -15.97     0.000
  -39.45   -13.70   -13.65       -39.45   -13.70   -13.65     0.000
    0.99    11.47    63.29         0.99    11.47    63.29     0.000
   12.13    25.45    -6.87        12.13    25.45    -6.87     0.000
   -0.14     8.22   -16.10        -0.14     8.22   -16.10     0.000
  -35.92    -8.51   -43.97       -35.92    -8.51   -43.97     0.000
   30.06    20.63   -16.03        30.06    20.63   -16.03     0.000
    0.66    -9.98   -28.96         0.66    -9.98   -28.96     0.000
    8.68    20.60    -7.95         8.68    20.60    -7.95     0.000
  -40.03   -11.25   -37.19       -40.03   -11.25   -37.19     0.000
   19.35    17.81    42.94        19.35    17.81    42.94     0.000
   25.48     4.62   -30.01        25.48     4.62   -30.01     0.000
   25.30    -6.74    11.09        25.30    -6.74    11.09     0.000
  -32.34   -25.24   -39.11       -32.34   -25.24   -39.11     0.000
   15.97    22.26    30.80        15.97    22.26    30.80     0.000
  -37.23   -25.46   -28.30       -37.23   -25.46   -28.30     0.000
  -40.28     1.43   -23.81       -40.28     1.43   -23.81     0.000
    6.62    -3.58    63.40         6.62    -3.58    63.40     0.000
    1.38   -10.91   -27.83         1.38   -10.91   -27.83     0.000
   -6.23    10.93    48.22        -6.23    10.93    48.22     0.000
  -11.60   -19.84   -45.04       -11.60   -19.84   -45.04     0.000
  -10.96    -6.13     8.84       -10.96    -6.13     8.84     0.000
  -25.11     4.43   -13.91       -25.11     4.43   -13.91     0.000
   24.58    15.59    26.61        24.58    15.59    26.61     0.000
   37.84    10.54    -7.18        37.84    10.54    -7.18     0.000
   -0.10    -6.59    38.26        -0.10    -6.59    38.26     0.000
  -30.65   -26.15   -13.87       -30.65   -26.15   -13.87     0.000
  -23.97     9.08   -17.72       -23.97     9.08   -17.72     0.000
  -25.13    -1.25   -46.92       -25.13    -1.25   -46.92     0.000
   39.87     2.76    -1.09        39.87     2.76    -1.09     0.000
  -22.06   -10.64   -48.94       -22.06   -10.64   -48.94     0.000
    3.07   -16.47   -22.28         3.07   -16.47   -22.28     0.000
   -2.75    20.24    39.97        -2.75    20.24    39.97     0.000
   23.78     1.61    37.43        23.78     1.61    37.43     0.000
   -6.62    11.29    44.56        -6.62    11.29    44.56     0.000
   -0.64   -18.37   -33.91        -0.64   -18.37   -33.91     0.000
   25.41    13.90   -28.80        25.41    13.90   -28.80     0.000
   18.99   -17.26    -9.04        18.99   -17.26    -9.04     0.000
   15.59   -17.30    -5.97        15.59   -17.30    -5.97     0.000
  -36.94   -25.77   -28.19       -36.94   -25.77   -28.19     0.000
   -0.09   -19.92   -26.42        -0.09   -19.92   -26.42     0.000
   30.02    -9.12    -1.40        30.02    -9.12    -1.40     0.000
   -4.61    -5.13   -40.53        -4.61    -5.13   -40.53     0.000
   23.61    24.71    -8.25        23.61    24.71    -8.25     0.000
   23.11    12.22    41.68        23.11    12.22    41.68     0.000
   36.87    13.05     6.68        36.87    13.05     6.68     0.000
   31.01    19.75     5.38        31.01    19.75     5.38     0.000
  -34.38    -1.10   -42.45       -34.38    -1.10   -42.45     0.000
   30.01    13.89    15.44        30.01    13.89    15.44     0.000
  -17.58   -32.35   -29.34       -17.58   -32.35   -29.34     0.000
    7.70    18.43    -7.31         7.70    18.43    -7.31     0.000
   -6.19   -25.37   -33.95        -6.19   -25.37   -33.95     0.000
   22.02    -0.66   -26.05        22.02    -0.66   -26.05     0.000
    0.82    -9.03    23.49         0.82    -9.03    23.49     0.000
   22.23    11.42    48.63        22.23    11.42    48.63     0.000
    3.84    19.71    47.46         3.84    19.71    47.46     0.000
   -0.12    17.08    59.02        -0.12    17.08    59.02     0.000
