200 PA4-F-Debug-Output.txt 0
   20.23    15.75    46.93        20.20    15.72    46.91     0.051
    4.93    -7.41    33.23         4.93    -7.29    33.22     0.124
   11.77    -6.37    60.70        11.79    -6.36    60.69     0.021
   14.14    10.11   -16.08        14.15    10.11   -16.08     0.016
   -3.76    10.95    62.37        -3.76    10.95    62.41     0.045
  -10.34    14.48    14.51       -10.34    14.48    14.50     0.004
   16.10    24.78   -18.22        16.14    24.72   -18.23     0.078
  -12.89   -14.33   -47.30       -12.89   -14.33   -47.29     0.004
  -22.35    -6.23    -4.95       -22.34    -6.24    -4.96     0.017
   17.84    22.92    22.91        17.80    22.77    22.89     0.158
   16.11    24.83   -19.77        16.16    24.75   -19.77     0.089
   30.49    -8.87    -2.10        30.52    -8.89    -2.10     0.036
   32.49     2.32    15.36        32.55     2.33    15.39     0.066
   14.50   -14.35     0.77        14.54   -14.39     0.79     0.058
  -17.10   -15.33    -5.09       -17.09   -15.33    -5.09     0.008
    3.16   -10.73    13.40         3.18   -10.80    13.41     0.069
   27.27   -10.80   -20.99        27.27   -10.80   -21.00     0.010
  -30.05   -19.84   -45.39       -30.07   -19.88   -45.44     0.066
    4.31   -13.83    -0.50         4.33   -13.74    -0.52     0.100
   22.69     7.41    48.29        22.88     7.41    48.30     0.189
    0.62    -7.84   -28.29         0.63    -7.83   -28.30     0.013
  -28.65   -26.22   -12.16       -28.68   -26.28   -12.12     0.079
  -18.28   -31.86   -32.38       -18.26   -31.95   -32.39     0.096
  -11.60     8.00   -15.83       -11.60     8.01   -15.83     0.016
  -20.21   -29.61   -38.51       -20.20   -29.53   -38.46     0.095
  -12.25    -8.16     4.40       -12.26    -8.18     4.42     0.022
   -9.49    14.80    38.32        -9.40    14.81    38.27     0.110
   16.93    14.71    62.84        16.95    14.71    62.85     0.027
    6.48    10.82   -11.42         6.49    10.76   -11.39     0.064
   25.26    15.17   -28.12        25.27    15.19   -28.16     0.043
    4.02   -13.50    -0.49         3.99   -13.66    -0.45     0.167
    4.30   -13.11     2.86         4.33   -12.96     2.83     0.157
  -39.59   -21.91   -20.97       -39.58   -21.91   -20.97     0.015
   17.93    23.78    16.14        17.98    23.92    16.17     0.150
   32.73    -6.25   -20.93        32.69    -6.22   -20.93     0.055
   -6.28     9.55    56.68        -6.36     9.58    56.68     0.083
   21.55    17.32    34.32        21.54    17.31    34.31     0.017
  -14.56   -18.58    -6.95       -14.56   -18.59    -6.95     0.009
   20.05    -6.25    18.84        20.06    -6.26    18.84     0.015
   17.30    26.26     6.98        17.31    26.30     6.98     0.036
   -7.03     7.26    56.96        -6.95     7.24    56.97     0.091
   -5.00    13.48    50.84        -4.96    13.47    50.83     0.035
   25.22   -11.13    -1.14        25.22   -11.03    -1.20     0.115
   14.74    -3.46    62.65        14.71    -3.42    62.56     0.106
   29.67     4.50    20.24        29.66     4.50    20.22     0.017
   26.43   -13.21   -15.89        26.46   -13.24   -15.90     0.047
   20.68    13.36    52.27        20.92    13.45    52.30     0.252
  -25.81    10.72   -31.54       -25.80    10.70   -31.53     0.025
  -24.38   -18.28    -6.41       -24.38   -18.29    -6.39     0.021
    4.22   -13.61    -0.13         4.23   -13.62    -0.13     0.010
  -32.79    -7.44    -8.41       -32.79    -7.43    -8.37     0.033
   15.93     2.54   -21.53        15.91     2.55   -21.61     0.083
   -3.59     1.02   -28.36        -3.55     1.04   -28.40     0.058
  -43.69   -11.45   -23.47       -43.70   -11.45   -23.45     0.016
   26.54    19.90    14.27        26.55    19.90    14.26     0.011
   -6.16     0.49    53.85        -6.14     0.49    53.85     0.017
    0.16    23.83    16.52         0.18    23.77    16.53     0.069
  -26.27   -32.19   -28.10       -26.26   -32.18   -28.10     0.012
   -3.40    24.22    20.94        -3.39    24.12    20.95     0.102
   19.06   -10.23   -21.07        19.03   -10.26   -21.10     0.056
   -1.29    23.25    31.68        -1.31    23.07    31.64     0.190
   15.38   -13.86     1.34        15.35   -13.75     1.29     0.121
   30.91     7.34    17.56        30.98     7.35    17.59     0.081
    0.91    24.21    17.27         0.96    24.01    17.26     0.205
   -8.04     1.68    28.76        -7.88     1.70    28.74     0.157
   11.45   -14.48     1.63        11.46   -14.46     1.60     0.036
   12.69    20.82    53.77        12.71    20.93    53.79     0.111
   -2.59    18.62    44.78        -2.50    18.47    44.73     0.180
    7.75    21.62    35.25         7.75    21.69    35.26     0.073
  -15.34    -8.75     0.44       -15.36    -8.76     0.47     0.043
  -22.13   -32.61   -31.19       -22.13   -32.54   -31.17     0.072
    6.45    -9.57   -23.32         6.47    -9.58   -23.35     0.037
  -24.17     7.88   -38.84       -24.18     7.90   -38.85     0.017
  -32.56   -26.82   -16.29       -32.59   -26.87   -16.24     0.075
   -6.93     6.11    60.30        -7.08     6.12    60.30     0.150
   -7.83    23.57    19.13        -7.81    23.50    19.18     0.089
  -23.88    -1.00   -47.22       -23.89    -1.01   -47.19     0.029
   -8.55    12.83    38.33        -8.69    12.76    38.45     0.200
   25.16    -6.33    12.60        25.15    -6.20    12.53     0.144
  -17.35   -29.08   -15.11       -17.35   -29.07   -15.11     0.011
    1.63    18.34    52.07         1.58    18.58    52.11     0.250
    1.89    18.20     3.27         1.93    18.17     3.29     0.052
   -9.63     5.93    27.02        -9.43     6.00    26.98     0.217
   24.69    -0.40   -28.15        24.69    -0.40   -28.16     0.015
   19.04    -9.17   -22.14        19.04    -9.17   -22.16     0.016
   20.32   -10.94     2.22        20.33   -10.94     2.22     0.011
  -20.96   -13.32    -5.03       -20.94   -13.29    -5.08     0.061
  -26.80    10.95   -29.04       -26.82    11.01   -29.05     0.064
   15.79     9.94   -20.43        15.80     9.95   -20.44     0.006
  -19.45    -3.66   -47.82       -19.47    -3.68   -47.76     0.070
  -38.68   -21.81   -18.06       -38.71   -21.84   -18.04     0.039
    6.33    22.29    -0.91         6.31    22.30    -0.93     0.034
   -9.15    -9.80     5.18        -9.12    -9.76     5.17     0.045
  -34.48     7.51   -27.26       -34.52     7.58   -27.27     0.074
    4.23    18.50    -1.20         4.26    18.49    -1.18     0.039
   -2.85     4.95   -23.14        -2.87     4.90   -23.09     0.073
   -1.65   -22.45   -27.00        -1.62   -22.47   -27.00     0.036
  -11.94   -14.22   -47.10       -11.95   -14.21   -47.04     0.057
    5.21    -5.96   -23.87         5.24    -5.95   -23.91     0.055
   11.18    -7.07    23.29        11.20    -7.10    23.29     0.040
   16.90     7.81   -23.65        16.77     7.80   -23.68     0.126
  -24.08     7.94   -38.81       -24.09     7.95   -38.81     0.011
   -0.66    -9.10    23.60        -0.65    -8.99    23.57     0.110
  -10.26   -27.49   -36.37       -10.26   -27.49   -36.37     0.014
   12.74    18.75    62.50        12.76    18.76    62.54     0.043
   -2.92    15.08    57.60        -2.91    15.09    57.60     0.014
   18.95    -3.56    40.09        18.93    -3.50    40.08     0.065
   -0.29    -2.70   -27.19        -0.33    -2.72   -27.14     0.067
  -41.82    -9.70   -16.94       -41.88    -9.71   -16.90     0.071
   21.87    10.21   -30.69        21.89    10.23   -30.67     0.035
   15.00    -6.73    20.77        15.04    -6.90    20.78     0.169
    9.09   -11.96   -20.55         9.06   -11.93   -20.52     0.050
  -11.49    24.17    27.59       -11.50    24.22    27.60     0.049
   11.14   -16.70    -4.71        11.17   -16.61    -4.74     0.102
   -0.50    16.80    58.77        -0.51    16.86    58.78     0.058
   -4.04     4.17   -25.84        -4.04     4.17   -25.84     0.005
  -23.00    -3.65    -6.81       -22.94    -3.68    -6.86     0.086
   17.93    26.35     6.21        17.92    26.31     6.20     0.038
  -32.81   -22.66   -41.37       -32.80   -22.65   -41.35     0.025
   20.35     3.98    62.15        20.34     3.99    62.13     0.020
   34.04    -4.94    -6.97        34.02    -4.91    -6.98     0.038
   21.96     2.83    50.76        21.95     2.85    50.75     0.019
   -2.22     7.92   -17.76        -2.21     7.88   -17.74     0.055
   -3.72   -13.51    -0.18        -3.71   -13.50    -0.18     0.013
  -38.86     3.61   -26.09       -38.83     3.59   -26.09     0.035
   12.28    16.94    63.11        12.29    16.94    63.10     0.024
   10.92   -12.82   -18.76        10.90   -12.76   -18.72     0.083
   -8.13     1.51   -39.60        -8.08     1.55   -39.64     0.071
   17.95    22.87    22.96        17.91    22.73    22.94     0.147
  -17.65     1.18   -45.71       -17.64     1.12   -45.62     0.114
   18.47    11.04    63.13        18.49    11.04    63.10     0.036
   21.65    -8.70   -23.77        21.67    -8.66   -23.74     0.058
   -0.98    14.35     0.93        -0.91    14.27     0.97     0.111
   22.07    10.30    51.91        22.07    10.29    51.90     0.009
  -29.72     4.42   -40.56       -29.71     4.40   -40.53     0.039
  -41.26   -17.82   -29.86       -41.30   -17.83   -29.88     0.046
   36.67     2.56   -15.78        36.73     2.57   -15.82     0.071
   21.63    14.11   -30.31        21.63    14.12   -30.33     0.017
   19.48   -11.29   -20.41        19.44   -11.32   -20.45     0.068
  -43.04   -12.43   -21.07       -43.10   -12.43   -21.05     0.071
   -1.11   -20.01   -33.01        -1.08   -20.02   -33.01     0.030
  -27.48   -27.44   -12.65       -27.46   -27.42   -12.66     0.030
   28.34    21.87   -13.27        28.41    21.98   -13.27     0.123
   37.97    11.35     6.17        37.98    11.36     6.17     0.019
   -2.91    -9.79    17.62        -2.87    -9.71    17.61     0.088
    0.27    20.38     8.12         0.28    20.38     8.12     0.012
   23.61     3.19    40.62        23.71     3.18    40.63     0.100
  -38.73     0.33   -35.58       -38.75     0.34   -35.58     0.021
   -3.63    13.21    61.99        -3.64    13.22    62.05     0.057
   35.27    13.67     8.46        35.33    13.72     8.49     0.084
   33.15     7.35   -24.34        33.12     7.36   -24.33     0.032
    7.79    18.56    -7.48         7.81    18.56    -7.47     0.016
   15.18     3.47    63.01        15.20     3.47    63.02     0.022
  -13.57   -25.04   -11.27       -13.59   -25.01   -11.31     0.054
  -14.76    12.15    22.28       -14.68    12.20    22.29     0.095
  -21.51    11.88   -30.74       -21.52    11.91   -30.74     0.028
  -19.01   -32.58   -28.86       -19.00   -32.61   -28.86     0.028
   18.83    19.67    39.33        18.76    19.62    39.31     0.086
   11.30    -6.57    28.06        11.33    -6.63    28.06     0.065
  -26.70   -25.74   -10.53       -26.69   -25.74   -10.54     0.013
   19.48    -8.63   -22.84        19.49    -8.62   -22.84     0.009
  -14.56   -25.93   -41.51       -14.57   -25.92   -41.50     0.016
  -15.60   -31.72   -23.32       -15.60   -31.72   -23.32     0.005
   28.86     6.49    21.79        29.04     6.52    21.85     0.192
    2.05    21.93     8.49         2.01    22.02     8.44     0.108
  -27.54   -21.13   -45.70       -27.54   -21.13   -45.69     0.017
    0.76    -6.60    42.44         0.70    -6.77    42.45     0.179
   20.38    14.71    48.25        20.58    14.83    48.27     0.236
  -10.08     9.43   -23.46       -10.18     9.26   -23.42     0.199
   22.32    21.68    18.93        22.29    21.61    18.91     0.075
   12.69    25.15    14.09        12.69    25.20    14.10     0.044
   -6.63     4.19   -30.53        -6.57     4.23   -30.56     0.072
   39.69     3.74     1.90        39.68     3.74     1.89     0.015
    1.37    -6.94    54.22         1.39    -6.94    54.22     0.023
   15.34   -14.56     0.19        15.29   -14.43     0.11     0.159
  -17.56    -7.90    -1.31       -17.56    -7.90    -1.30     0.009
   33.69    -6.82   -12.76        33.69    -6.81   -12.77     0.015
   -7.49   -25.40   -36.35        -7.42   -25.46   -36.39     0.101
   14.35    21.95    36.33        14.36    21.95    36.32     0.014
   21.53    -9.84     3.52        21.54    -9.84     3.51     0.013
   22.34   -15.05   -16.58        22.34   -15.02   -16.57     0.034
   26.02    -4.05    18.02        26.08    -4.14    18.03     0.103
    0.28     9.75   -10.76         0.28     9.84   -10.78     0.089
   13.93     0.92    63.00        13.96     0.92    63.01     0.025
   14.36    -5.89    39.43        14.36    -5.82    39.43     0.070
   29.03     6.75    22.06        28.94     6.74    22.02     0.099
  -27.53    -0.15   -45.29       -27.51    -0.18   -45.24     0.068
    0.52    -3.20   -26.55         0.53    -3.20   -26.56     0.013
   27.30    10.78    24.70        27.26    10.77    24.68     0.049
  -37.31   -17.80   -12.29       -37.30   -17.80   -12.28     0.010
  -33.56   -26.02   -16.37       -33.59   -26.06   -16.33     0.066
   -1.72    13.29     0.17        -1.66    13.22     0.20     0.088
  -10.10   -29.62   -28.61       -10.09   -29.64   -28.61     0.022
    6.22     9.82   -12.68         6.21     9.89   -12.73     0.089
   11.17    22.91    29.06        11.18    22.78    29.03     0.127
   29.90    -1.99    16.64        29.92    -2.00    16.64     0.022
   -8.18   -16.45    -5.35        -8.17   -16.44    -5.36     0.016
   29.19    -7.82   -23.25        29.24    -7.89   -23.30     0.099
  -36.31    -9.14    -8.56       -36.30    -9.15    -8.56     0.013
    1.47   -19.06   -16.20         1.45   -19.00   -16.21     0.062
