150 PA5-B-Debug-Output.txt 6
  104.6847 -125.5996  -90.9730  153.7743   41.9559 -128.2724
  -28.44   -26.75   -32.28       -28.44   -26.75   -32.28     0.000
   21.44    -2.02    50.78        21.44    -2.02    50.78     0.000
   28.01   -18.09   -28.74        28.01   -18.08   -28.74     0.000
  -24.64    -0.21   -45.63       -24.64    -0.21   -45.63     0.000
   -5.96    -0.52    37.60        -5.96    -0.52    37.60     0.000
  -11.36    11.79    -9.80       -11.36    11.79    -9.80     0.000
   25.34   -13.41     1.13        25.34   -13.41     1.13     0.000
  -35.80   -12.73   -11.12       -35.80   -12.73   -11.12     0.000
  -20.75   -31.03   -23.49       -20.75   -31.03   -23.49     0.000
   -2.61     8.62   -22.14        -2.61     8.62   -22.14     0.000
    0.67    -4.85    64.68         0.67    -4.85    64.68     0.000
  -14.60    11.09    48.75       -14.60    11.09    48.75     0.000
   11.89   -13.19     4.70        11.89   -13.19     4.70     0.000
   31.64    18.36   -21.67        31.64    18.36   -21.67     0.000
   38.46    -8.74   -13.04        38.46    -8.74   -13.04     0.000
   23.08    19.94     8.90        23.08    19.94     8.90     0.000
   35.18    -6.61   -28.96        35.18    -6.61   -28.96     0.000
  -20.66   -11.99    -0.74       -20.66   -11.99    -0.74     0.000
   42.12    12.75     0.54        42.12    12.75     0.54     0.000
   15.16    -7.90    28.70        15.16    -7.90    28.70     0.000
  -28.59    16.09    21.40       -28.59    16.09    21.40     0.000
   -6.32    -1.92    29.76        -6.32    -1.92    29.76     0.000
  -13.35    -9.84     1.20       -13.35    -9.84     1.20     0.000
   28.89    22.84   -10.66        28.89    22.84   -10.66     0.000
   19.23     1.11    65.15        19.23     1.11    65.15     0.000
   -7.57    10.40    -9.84        -7.57    10.40    -9.84     0.000
  -40.08     2.91   -28.49       -40.08     2.91   -28.49     0.000
    6.63    -2.74    66.16         6.63    -2.74    66.16     0.000
    7.58   -18.76   -31.35         7.58   -18.76   -31.35     0.000
   -9.27    10.50    -9.40        -9.27    10.50    -9.40     0.000
  -14.57    10.72    49.88       -14.57    10.72    49.88     0.000
    8.88    -6.31    25.38         8.88    -6.31    25.38     0.000
   -0.93    -2.23    47.97        -0.93    -2.23    47.97     0.000
  -17.13   -17.97    -1.43       -17.13   -17.97    -1.43     0.000
   29.57    19.23     7.03        29.57    19.23     7.03     0.000
  -35.45   -20.59   -28.47       -35.45   -20.59   -28.47     0.000
  -35.69   -15.18   -11.88       -35.69   -15.18   -11.88     0.000
   27.59   -16.03   -29.98        27.59   -16.03   -29.98     0.000
   39.83    -4.08   -19.75        39.83    -4.08   -19.75     0.000
  -21.32    -5.60    -1.51       -21.32    -5.60    -1.51     0.000
    5.26    -5.63    47.45         5.26    -5.63    47.45     0.000
    8.55   -17.20   -29.78         8.55   -17.20   -29.78     0.000
  -29.57    15.32   -25.26       -29.57    15.32   -25.26     0.000
  -29.03     7.15   -37.93       -29.03     7.15   -37.93     0.000
   17.66    -4.17   -24.14        17.66    -4.17   -24.14     0.000
   11.69    22.69    17.34        11.69    22.69    17.34     0.000
  -27.81   -23.58   -11.29       -27.81   -23.58   -11.29     0.000
  -16.34    16.86   -13.03       -16.34    16.86   -13.03     0.000
   -6.16   -27.07   -23.06        -6.16   -27.07   -23.06     0.000
  -23.28   -12.84    -1.33       -23.28   -12.84    -1.33     0.000
  -26.49   -29.67   -17.20       -26.49   -29.67   -17.20     0.000
  -32.53     8.24   -34.71       -32.53     8.24   -34.71     0.000
   13.42    25.35   -10.90        13.42    25.35   -10.90     0.000
   -1.81   -24.36   -15.84        -1.81   -24.36   -15.84     0.000
   29.81    17.65     7.74        29.81    17.65     7.74     0.000
   -7.44   -25.22   -14.64        -7.44   -25.22   -14.64     0.000
   13.18   -18.77   -17.24        13.18   -18.77   -17.24     0.000
   32.56    20.25    -3.33        32.56    20.25    -3.33     0.000
   27.07    23.16    -3.52        27.07    23.16    -3.52     0.000
  -25.21     4.87    35.35       -25.21     4.87    35.35     0.000
   -3.27    13.71    -2.30        -3.27    13.71    -2.30     0.000
  -29.33   -27.72   -23.20       -29.33   -27.72   -23.20     0.000
  -22.12   -28.43   -32.85       -22.12   -28.43   -32.85     0.000
    8.97    23.98    -2.76         8.97    23.98    -2.76     0.000
  -26.78     2.43    29.90       -26.78     2.43    29.90     0.000
  -17.03   -20.22    -2.34       -17.03   -20.22    -2.34     0.000
   -8.37    17.19    38.84        -8.37    17.19    38.84     0.000
   18.78    -4.28   -23.97        18.78    -4.28   -23.97     0.000
   41.30    14.36     2.28        41.30    14.36     2.28     0.000
  -37.06     7.01   -29.96       -37.06     7.01   -29.96     0.000
   36.50     0.10   -27.07        36.50     0.10   -27.07     0.000
   -5.54     9.44    -6.61        -5.54     9.44    -6.61     0.000
  -19.20   -30.82   -25.77       -19.20   -30.82   -25.77     0.000
   37.81    14.09     9.75        37.81    14.09     9.75     0.000
    6.74     1.14    67.34         6.74     1.14    67.34     0.000
  -35.60   -20.42   -27.93       -35.60   -20.42   -27.93     0.000
   25.32     6.92    37.35        25.32     6.92    37.35     0.000
  -24.43    16.37   -11.37       -24.43    16.37   -11.37     0.000
  -10.92   -25.37   -35.81       -10.92   -25.37   -35.81     0.000
  -17.78     5.78    -1.09       -17.78     5.78    -1.09     0.000
   12.47    22.12    27.22        12.47    22.12    27.22     0.000
  -11.26    15.53    21.63       -11.26    15.53    21.63     0.000
    0.75    -6.27   -32.18         0.75    -6.27   -32.18     0.000
  -31.50    -9.51   -44.91       -31.50    -9.51   -44.91     0.000
   -1.46    18.35    37.90        -1.46    18.35    37.90     0.000
  -12.25    14.86    61.82       -12.25    14.86    61.82     0.000
   -7.44   -24.23   -12.58        -7.44   -24.23   -12.58     0.000
   26.24    -7.36    13.85        26.24    -7.36    13.85     0.000
   16.61    -7.56    41.73        16.61    -7.56    41.73     0.000
   -0.38     6.47   -20.81        -0.38     6.47   -20.81     0.000
   -1.59    -2.50    43.66        -1.59    -2.50    43.66     0.000
   -2.97   -17.07    -2.22        -2.97   -17.07    -2.22     0.000
   12.75     6.67    66.91        12.75     6.67    66.91     0.000
  -11.59     4.91    60.17       -11.59     4.91    60.17     0.000
    9.56     0.70    67.88         9.56     0.70    67.88     0.000
   17.65    -6.81    46.41        17.65    -6.81    46.41     0.000
    0.72    -9.62     6.07         0.72    -9.62     6.07     0.000
    8.45     7.58   -13.68         8.45     7.58   -13.68     0.000
  -26.34   -25.98   -35.32       -26.34   -25.98   -35.32     0.000
   -6.84   -23.84   -12.36        -6.84   -23.84   -12.36     0.000
    5.89   -20.81   -12.77         5.89   -20.81   -12.77     0.000
   -6.83     2.51   -38.42        -6.83     2.51   -38.42     0.000
   -7.57   -17.09   -40.22        -7.57   -17.09   -40.22     0.000
    0.11    12.43    -6.76         0.11    12.43    -6.76     0.000
   -3.21     3.12   -31.68        -3.21     3.12   -31.68     0.000
   29.64   -10.37    -2.77        29.64   -10.37    -2.77     0.000
  -21.29    16.29    -8.45       -21.29    16.29    -8.45     0.000
  -16.82     9.58    43.07       -16.82     9.58    43.07     0.000
  -37.45   -16.31   -20.80       -37.45   -16.31   -20.80     0.000
   24.40    10.89    34.31        24.40    10.89    34.31     0.000
  -30.93     6.00   -38.00       -30.93     6.00   -38.00     0.000
   -8.64    10.58    -0.37        -8.64    10.58    -0.37     0.000
   37.27   -12.37   -15.96        37.27   -12.37   -15.96     0.000
  -23.13    18.77    27.15       -23.13    18.77    27.15     0.000
   33.17    17.74   -18.76        33.17    17.74   -18.76     0.000
  -28.40   -27.80   -29.65       -28.40   -27.80   -29.65     0.000
   42.33    12.73    -0.24        42.33    12.73    -0.24     0.000
  -25.25    17.63    34.04       -25.25    17.63    34.04     0.000
    3.48    -5.70    54.38         3.48    -5.70    54.38     0.000
  -14.57    11.74    60.89       -14.57    11.74    60.89     0.000
   43.97     4.38   -19.15        43.97     4.38   -19.15     0.000
  -26.51   -12.44    -1.13       -26.51   -12.44    -1.13     0.000
   20.27    -7.68    31.92        20.27    -7.68    31.92     0.000
   -2.70     2.76   -29.98        -2.70     2.76   -29.98     0.000
  -30.69   -12.66   -43.20       -30.69   -12.66   -43.20     0.000
  -26.03   -11.30   -44.91       -26.03   -11.30   -44.91     0.000
   12.17    20.60   -33.44        12.17    20.60   -33.44     0.000
  -20.49    10.32    39.40       -20.49    10.32    39.40     0.000
  -10.16    -0.52    27.84       -10.16    -0.52    27.84     0.000
  -17.26     1.27    26.54       -17.26     1.27    26.54     0.000
    3.71    -2.92   -26.92         3.71    -2.92   -26.92     0.000
  -25.85   -28.54   -29.70       -25.85   -28.54   -29.70     0.000
   13.51    21.91    51.97        13.51    21.91    51.97     0.000
   34.09    -6.83    -5.05        34.09    -6.83    -5.05     0.000
   32.94     0.88    14.17        32.94     0.88    14.17     0.000
   -5.70    16.70    20.88        -5.70    16.70    20.88     0.000
   12.44    22.44    58.51        12.44    22.44    58.51     0.000
   -6.30    -8.08     5.71        -6.30    -8.08     5.71     0.000
   26.21   -11.14     4.01        26.21   -11.14     4.01     0.000
   -9.95   -25.03   -10.33        -9.95   -25.03   -10.33     0.000
  -24.88    12.91    17.73       -24.88    12.91    17.73     0.000
  -37.17   -17.30   -13.94       -37.17   -17.30   -13.94     0.000
    2.19    -1.08    65.15         2.19    -1.08    65.15     0.000
  -20.00     0.40    12.05       -20.00     0.40    12.05     0.000
  -35.96   -20.68   -16.05       -35.96   -20.68   -16.05     0.000
   36.97    13.12   -19.87        36.97    13.12   -19.87     0.000
   26.37   -21.05   -12.40        26.37   -21.05   -12.40     0.000
    5.00    19.71    12.12         5.00    19.71    12.12     0.000
   34.09    18.22     3.26        34.09    18.22     3.26     0.000
   19.18   -20.34    -6.01        19.18   -20.34    -6.01     0.000
