150 PA5-A-Debug-Answer.txt 6
   15.5607   26.0878   23.9724  132.5250   51.5214 -137.8745
  -27.59    10.63   -39.31       -27.59    10.63   -39.31     0.000
   26.72    -7.31    10.02        26.72    -7.31    10.02     0.000
   39.99     5.68     2.29        39.99     5.68     2.29     0.000
   20.82     0.99   -20.93        20.82     0.99   -20.93     0.000
   16.36   -11.00    11.20        16.36   -11.00    11.20     0.000
   30.71    -2.04    18.69        30.71    -2.04    18.69     0.000
   -0.54    -3.21   -28.13        -0.54    -3.21   -28.13     0.000
   33.27    -8.15   -22.17        33.27    -8.15   -22.17     0.000
   -7.95     0.09    30.63        -7.95     0.09    30.63     0.000
   -2.71    10.80     2.35        -2.71    10.80     2.35     0.000
    8.99   -13.22   -25.81         8.99   -13.22   -25.81     0.000
  -35.35   -24.99   -31.62       -35.35   -24.99   -31.62     0.000
   21.20     3.84    64.83        21.20     3.84    64.83     0.000
  -28.90    -9.06   -50.82       -28.90    -9.06   -50.82     0.000
    2.00   -10.64   -34.31         2.00   -10.64   -34.31     0.000
   -3.71   -20.64   -38.74        -3.71   -20.64   -38.74     0.000
   -2.74    -1.57    36.95        -2.74    -1.57    36.95     0.000
  -41.04     1.97   -28.70       -41.04     1.97   -28.70     0.000
   22.67   -10.80   -20.77        22.67   -10.80   -20.77     0.000
   -6.54     3.09   -37.02        -6.54     3.09   -37.02     0.000
   14.18     6.36    65.70        14.18     6.36    65.70     0.000
   33.43    15.32    -1.82        33.43    15.32    -1.82     0.000
   13.84    -3.88    27.89        13.84    -3.88    27.89     0.000
   21.41    -5.94    22.04        21.41    -5.94    22.04     0.000
  -10.13     9.25    60.17       -10.13     9.25    60.17     0.000
   -6.24     8.35    -1.31        -6.24     8.35    -1.31     0.000
  -38.97   -15.72   -17.26       -38.97   -15.72   -17.26     0.000
  -40.27     3.97   -29.58       -40.27     3.97   -29.58     0.000
   23.55     8.46    60.50        23.55     8.46    60.50     0.000
  -17.99     4.66    27.77       -17.99     4.66    27.77     0.000
   -9.87   -16.82    -5.05        -9.87   -16.82    -5.05     0.000
    8.66    22.12     8.70         8.66    22.12     8.70     0.000
   30.22    -2.56   -24.12        30.22    -2.56   -24.12     0.000
   -2.10    -1.44    38.36        -2.10    -1.44    38.36     0.000
    2.86   -17.96   -38.72         2.86   -17.96   -38.72     0.000
  -16.87   -21.65    -9.56       -16.87   -21.65    -9.56     0.000
   24.55    21.20   -10.76        24.55    21.20   -10.76     0.000
   15.86    -8.96    17.44        15.86    -8.96    17.44     0.000
   37.75    -0.57    -5.01        37.75    -0.57    -5.01     0.000
   22.92     9.72    61.90        22.92     9.72    61.90     0.000
   27.27    18.28   -18.12        27.27    18.28   -18.12     0.000
  -30.39   -18.73   -46.95       -30.39   -18.73   -46.95     0.000
  -14.70   -26.93   -38.99       -14.70   -26.93   -38.99     0.000
  -25.50   -19.39    -7.97       -25.50   -19.39    -7.97     0.000
   13.19   -16.61    -7.70        13.19   -16.61    -7.70     0.000
    7.56    21.25    24.87         7.56    21.25    24.87     0.000
   22.65    -7.99    14.20        22.65    -7.99    14.20     0.000
  -18.74     2.01    -3.40       -18.74     2.01    -3.40     0.000
   29.16    -3.35    17.11        29.16    -3.35    17.11     0.000
   -6.59    -3.43    19.30        -6.59    -3.43    19.30     0.000
   -8.62    13.91    42.63        -8.62    13.91    42.63     0.000
   20.71     5.98    64.18        20.71     5.98    64.18     0.000
   -5.10     8.71    -1.46        -5.10     8.71    -1.46     0.000
  -15.40   -17.64   -48.52       -15.40   -17.64   -48.52     0.000
  -36.10     0.07   -46.38       -36.10     0.07   -46.38     0.000
   24.72     7.15    54.90        24.72     7.15    54.90     0.000
  -10.06     9.05    60.00       -10.06     9.05    60.00     0.000
   39.22     2.14     3.91        39.22     2.14     3.91     0.000
   14.28    16.02   -28.92        14.28    16.02   -28.92     0.000
   -2.11    -0.44    43.64        -2.11    -0.44    43.64     0.000
    5.46    17.39    -8.53         5.46    17.39    -8.53     0.000
   -6.98   -23.53   -11.12        -6.98   -23.53   -11.12     0.000
    6.94   -10.72     4.51         6.94   -10.72     4.51     0.000
  -38.35     6.35   -25.98       -38.35     6.35   -25.98     0.000
  -27.72     4.71   -46.41       -27.72     4.71   -46.41     0.000
    9.65    22.60    33.13         9.65    22.60    33.13     0.000
  -11.55     1.18    28.79       -11.55     1.18    28.79     0.000
  -17.15    -1.73     8.46       -17.15    -1.73     8.46     0.000
   33.90     7.07   -21.90        33.90     7.07   -21.90     0.000
   -6.71   -26.73   -23.70        -6.71   -26.73   -23.70     0.000
   -1.93    18.34    39.15        -1.93    18.34    39.15     0.000
  -33.21   -26.31   -22.50       -33.21   -26.31   -22.50     0.000
  -32.46   -23.40   -16.73       -32.46   -23.40   -16.73     0.000
    3.47    -1.48    43.92         3.47    -1.48    43.92     0.000
   34.74    14.35    -7.91        34.74    14.35    -7.91     0.000
   -0.84    11.99     0.37        -0.84    11.99     0.37     0.000
   10.93    19.11   -25.62        10.93    19.11   -25.62     0.000
   25.62    14.08   -25.76        25.62    14.08   -25.76     0.000
  -39.22     5.49   -27.45       -39.22     5.49   -27.45     0.000
   36.45    14.02     3.31        36.45    14.02     3.31     0.000
   21.92    10.02   -29.89        21.92    10.02   -29.89     0.000
   38.23     1.47     7.28        38.23     1.47     7.28     0.000
  -20.39     0.25    -3.41       -20.39     0.25    -3.41     0.000
    7.61   -14.36    -3.51         7.61   -14.36    -3.51     0.000
  -11.15    -8.94     1.87       -11.15    -8.94     1.87     0.000
    0.72    -4.80   -31.73         0.72    -4.80   -31.73     0.000
    0.28    -3.20   -26.99         0.28    -3.20   -26.99     0.000
  -28.17   -29.12   -20.29       -28.17   -29.12   -20.29     0.000
  -39.50   -19.18   -22.79       -39.50   -19.18   -22.79     0.000
   -6.37   -16.23   -41.71        -6.37   -16.23   -41.71     0.000
  -31.71   -22.03   -15.27       -31.71   -22.03   -15.27     0.000
  -16.48    13.25    37.08       -16.48    13.25    37.08     0.000
  -20.21   -18.29    -7.15       -20.21   -18.29    -7.15     0.000
  -37.46   -19.40   -17.56       -37.46   -19.40   -17.56     0.000
   -8.81    16.05    21.71        -8.81    16.05    21.71     0.000
   33.56    -9.10   -19.22        33.56    -9.10   -19.22     0.000
   16.83    -5.01    47.99        16.83    -5.01    47.99     0.000
   32.19     4.55    18.12        32.19     4.55    18.12     0.000
   -0.31    -1.69    40.73        -0.31    -1.69    40.73     0.000
   -1.05    -9.51     5.40        -1.05    -9.51     5.40     0.000
  -32.28     8.32   -40.61       -32.28     8.32   -40.61     0.000
  -14.01     9.54   -44.27       -14.01     9.54   -44.27     0.000
  -19.48    -9.64   -51.79       -19.48    -9.64   -51.79     0.000
   -9.37    10.91    45.41        -9.37    10.91    45.41     0.000
   25.57    21.75     8.81        25.57    21.75     8.81     0.000
   16.89    -3.17   -19.14        16.89    -3.17   -19.14     0.000
  -24.81    12.01    19.02       -24.81    12.01    19.02     0.000
   -3.15   -25.44   -24.75        -3.15   -25.44   -24.75     0.000
    4.24    -3.83   -24.64         4.24    -3.83   -24.64     0.000
  -16.21    -1.67    11.15       -16.21    -1.67    11.15     0.000
  -29.57   -22.08   -14.10       -29.57   -22.08   -14.10     0.000
  -36.25   -11.86   -14.17       -36.25   -11.86   -14.17     0.000
  -14.32    -8.03   -49.23       -14.32    -8.03   -49.23     0.000
   -3.82   -25.24   -20.25        -3.82   -25.24   -20.25     0.000
   -5.75   -22.07    -8.93        -5.75   -22.07    -8.93     0.000
  -18.86    -5.76    -2.54       -18.86    -5.76    -2.54     0.000
   23.81    13.24    40.77        23.81    13.24    40.77     0.000
   -3.54    17.83    31.45        -3.54    17.83    31.45     0.000
  -31.98    -5.20    -9.12       -31.98    -5.20    -9.12     0.000
  -18.26    -0.34     9.58       -18.26    -0.34     9.58     0.000
   24.96     5.78    54.36        24.96     5.78    54.36     0.000
   19.99   -10.18   -19.95        19.99   -10.18   -19.95     0.000
  -14.78    12.48   -17.77       -14.78    12.48   -17.77     0.000
   33.72    -8.31    -6.92        33.72    -8.31    -6.92     0.000
  -39.60   -16.52   -29.32       -39.60   -16.52   -29.32     0.000
   40.16     5.85     0.79        40.16     5.85     0.79     0.000
  -40.70   -16.92   -24.70       -40.70   -16.92   -24.70     0.000
    3.13    -8.46    19.54         3.13    -8.46    19.54     0.000
  -35.72     7.49   -37.95       -35.72     7.49   -37.95     0.000
  -17.08     3.91     1.82       -17.08     3.91     1.82     0.000
  -26.00    13.64   -32.91       -26.00    13.64   -32.91     0.000
   14.62     8.94   -15.60        14.62     8.94   -15.60     0.000
   10.52    -4.03    30.94        10.52    -4.03    30.94     0.000
   12.04     3.39   -12.95        12.04     3.39   -12.95     0.000
  -38.83   -14.15   -43.67       -38.83   -14.15   -43.67     0.000
   41.48     4.76   -11.35        41.48     4.76   -11.35     0.000
   38.31     2.54    -7.20        38.31     2.54    -7.20     0.000
    1.26    -0.62    62.41         1.26    -0.62    62.41     0.000
   -8.19    12.67    56.52        -8.19    12.67    56.52     0.000
   19.24    23.21     9.39        19.24    23.21     9.39     0.000
   18.85   -15.12   -16.01        18.85   -15.12   -16.01     0.000
   -1.94    17.83    40.55        -1.94    17.83    40.55     0.000
    1.23     4.26    64.07         1.23     4.26    64.07     0.000
  -14.71   -16.04   -48.99       -14.71   -16.04   -48.99     0.000
  -25.94   -23.58   -44.09       -25.94   -23.58   -44.09     0.000
  -19.26   -30.74   -29.08       -19.26   -30.74   -29.08     0.000
  -31.93   -18.56   -46.30       -31.93   -18.56   -46.30     0.000
   21.64    -3.73    50.95        21.64    -3.73    50.95     0.000
   -6.43    -7.56     6.54        -6.43    -7.56     6.54     0.000
   -0.37    17.65    21.04        -0.37    17.65    21.04     0.000
