150 PA5-C-Debug-Answer.txt 6
   35.0038 -112.2970   93.5353    8.6213  -89.3386   57.9102
   11.38    25.52    -9.72        11.38    25.52    -9.72     0.000
   -2.31   -16.42    -6.69        -2.31   -16.42    -6.69     0.000
   -4.91    18.89     3.58        -4.91    18.89     3.58     0.000
  -11.57     7.89    -4.49       -11.57     7.89    -4.49     0.000
    0.78    -9.49    25.00         0.78    -9.49    25.00     0.000
   22.88    26.20    -7.54        22.88    26.20    -7.54     0.000
   32.30   -13.88   -23.17        32.30   -13.88   -23.17     0.000
  -41.57   -20.43   -18.63       -41.57   -20.43   -18.63     0.000
  -38.84   -21.19   -33.14       -38.84   -21.19   -33.14     0.000
    6.20    -9.35    46.50         6.20    -9.35    46.50     0.000
   26.33   -12.00   -23.78        26.33   -12.00   -23.78     0.000
   10.42    15.40    60.53        10.42    15.40    60.53     0.000
  -26.20   -13.64   -43.61       -26.20   -13.64   -43.61     0.000
    1.61   -12.08    10.11         1.61   -12.08    10.11     0.000
   11.49   -13.68     3.15        11.49   -13.68     3.15     0.000
   35.69     5.87    18.50        35.69     5.87    18.50     0.000
   -9.10     8.64   -18.80        -9.10     8.64   -18.80     0.000
   11.94    -4.31   -22.28        11.94    -4.31   -22.28     0.000
  -12.47    16.31     5.89       -12.47    16.31     5.89     0.000
   28.36     9.78    31.97        28.36     9.78    31.97     0.000
   -1.40    27.08    26.15        -1.40    27.08    26.15     0.000
   19.39    -9.79     2.07        19.39    -9.79     2.07     0.000
   21.15    26.33   -13.48        21.15    26.33   -13.48     0.000
   19.65    26.76   -11.54        19.65    26.76   -11.54     0.000
  -27.52   -29.62   -34.46       -27.52   -29.62   -34.46     0.000
    7.54     8.60   -15.94         7.54     8.60   -15.94     0.000
   15.61    27.39     9.60        15.61    27.39     9.60     0.000
  -26.52   -32.12   -18.05       -26.52   -32.12   -18.05     0.000
    1.23   -12.97     5.51         1.23   -12.97     5.51     0.000
   20.61    -6.56   -23.63        20.61    -6.56   -23.63     0.000
  -12.17   -31.10   -17.22       -12.17   -31.10   -17.22     0.000
   43.52     4.72     6.50        43.52     4.72     6.50     0.000
   16.48     1.46    64.71        16.48     1.46    64.71     0.000
   28.49    -2.18   -30.50        28.49    -2.18   -30.50     0.000
   23.36     5.61    59.43        23.36     5.61    59.43     0.000
    2.12    -9.40    38.15         2.12    -9.40    38.15     0.000
   -6.70   -16.19    -4.94        -6.70   -16.19    -4.94     0.000
   -2.00   -12.69     7.14        -2.00   -12.69     7.14     0.000
   -5.51     3.16   -26.31        -5.51     3.16   -26.31     0.000
   43.13     4.08    -0.28        43.13     4.08    -0.28     0.000
  -38.56   -23.76   -17.42       -38.56   -23.76   -17.42     0.000
    6.28   -12.05   -20.03         6.28   -12.05   -20.03     0.000
  -30.81   -29.66   -31.38       -30.81   -29.66   -31.38     0.000
  -30.44   -30.72   -19.00       -30.44   -30.72   -19.00     0.000
    1.03    29.46    15.93         1.03    29.46    15.93     0.000
   32.84    19.82   -11.64        32.84    19.82   -11.64     0.000
   36.55     1.59   -19.83        36.55     1.59   -19.83     0.000
  -13.82    -6.19    12.21       -13.82    -6.19    12.21     0.000
   26.93     0.86    40.74        26.93     0.86    40.74     0.000
  -10.32    -1.35    38.80       -10.32    -1.35    38.80     0.000
   39.14    11.61    -7.31        39.14    11.61    -7.31     0.000
   34.05    18.16   -14.57        34.05    18.16   -14.57     0.000
   14.51    22.84    28.00        14.51    22.84    28.00     0.000
   21.76    -1.71    61.51        21.76    -1.71    61.51     0.000
    2.89    27.04     8.79         2.89    27.04     8.79     0.000
   -3.50     0.03   -27.61        -3.50     0.03   -27.61     0.000
  -19.93   -16.42    -3.96       -19.93   -16.42    -3.96     0.000
   -2.79     4.82   -22.98        -2.79     4.82   -22.98     0.000
    9.60    -1.02   -21.91         9.60    -1.02   -21.91     0.000
   -6.34   -13.04     6.05        -6.34   -13.04     6.05     0.000
   17.34    -7.10    52.63        17.34    -7.10    52.63     0.000
   -8.16    -7.68    61.31        -8.16    -7.68    61.31     0.000
    2.47    -7.21    63.33         2.47    -7.21    63.33     0.000
   21.93     9.04    60.57        21.93     9.04    60.57     0.000
   38.00    12.59   -13.67        38.00    12.59   -13.67     0.000
    1.22    -9.87    18.81         1.22    -9.87    18.81     0.000
    6.88    21.79    -7.30         6.88    21.79    -7.30     0.000
   35.80    17.31    -4.39        35.80    17.31    -4.39     0.000
    4.76    12.25   -13.53         4.76    12.25   -13.53     0.000
  -17.12     8.56   -30.71       -17.12     8.56   -30.71     0.000
   -8.07   -25.88   -14.19        -8.07   -25.88   -14.19     0.000
  -12.61     3.80    18.98       -12.61     3.80    18.98     0.000
   38.24    -3.36     5.93        38.24    -3.36     5.93     0.000
   16.61    -8.22     7.34        16.61    -8.22     7.34     0.000
  -46.00   -13.36   -28.71       -46.00   -13.36   -28.71     0.000
   -5.38     1.88   -28.16        -5.38     1.88   -28.16     0.000
  -27.54   -23.02   -41.30       -27.54   -23.02   -41.30     0.000
   22.99     2.96   -30.61        22.99     2.96   -30.61     0.000
   -3.42    22.39     5.42        -3.42    22.39     5.42     0.000
  -14.97   -27.21   -37.94       -14.97   -27.21   -37.94     0.000
   -4.16    -9.63    58.58        -4.16    -9.63    58.58     0.000
   10.64    -2.70    64.01        10.64    -2.70    64.01     0.000
  -15.81    -0.60     9.54       -15.81    -0.60     9.54     0.000
  -10.55    -9.67    15.47       -10.55    -9.67    15.47     0.000
    0.47     5.64   -20.23         0.47     5.64   -20.23     0.000
   -1.70    11.37   -13.09        -1.70    11.37   -13.09     0.000
  -11.40    18.95    25.66       -11.40    18.95    25.66     0.000
  -34.63   -27.87   -28.07       -34.63   -27.87   -28.07     0.000
  -10.96   -14.83    -0.49       -10.96   -14.83    -0.49     0.000
   26.37     7.08    43.37        26.37     7.08    43.37     0.000
   33.45    20.50    -1.76        33.45    20.50    -1.76     0.000
  -18.81     7.27   -17.86       -18.81     7.27   -17.86     0.000
   16.05     9.23   -18.70        16.05     9.23   -18.70     0.000
  -11.24     6.44    19.06       -11.24     6.44    19.06     0.000
   -8.83    33.48    10.48        -8.83    33.48    10.48     0.000
   18.43   -14.70   -14.34        18.43   -14.70   -14.34     0.000
  -37.22    -4.56   -36.86       -37.22    -4.56   -36.86     0.000
   21.08    26.69   -23.17        21.08    26.69   -23.17     0.000
   -2.47    24.61    30.86        -2.47    24.61    30.86     0.000
  -33.58   -15.37   -41.27       -33.58   -15.37   -41.27     0.000
   28.26    -6.42    15.59        28.26    -6.42    15.59     0.000
   11.36    21.64    35.24        11.36    21.64    35.24     0.000
  -22.09    -9.88    -0.49       -22.09    -9.88    -0.49     0.000
   15.67    26.07   -15.18        15.67    26.07   -15.18     0.000
   26.51    24.50   -22.49        26.51    24.50   -22.49     0.000
   -4.21    -5.85   -38.92        -4.21    -5.85   -38.92     0.000
   -0.36    20.58     1.77        -0.36    20.58     1.77     0.000
   32.70    -3.15   -25.49        32.70    -3.15   -25.49     0.000
   -4.17     2.73   -25.86        -4.17     2.73   -25.86     0.000
   -9.53   -12.58     6.50        -9.53   -12.58     6.50     0.000
  -10.98   -31.21   -20.31       -10.98   -31.21   -20.31     0.000
   25.44    17.62    25.70        25.44    17.62    25.70     0.000
   -2.93   -21.07   -33.83        -2.93   -21.07   -33.83     0.000
   33.60     2.91   -24.11        33.60     2.91   -24.11     0.000
  -22.65     9.16   -20.00       -22.65     9.16   -20.00     0.000
  -11.41    -1.81    59.35       -11.41    -1.81    59.35     0.000
    8.42   -14.83     2.60         8.42   -14.83     2.60     0.000
   -3.19   -10.48    24.01        -3.19   -10.48    24.01     0.000
  -17.09    25.06    11.51       -17.09    25.06    11.51     0.000
   -6.31   -27.20   -21.11        -6.31   -27.20   -21.11     0.000
   42.69     5.48    -3.50        42.69     5.48    -3.50     0.000
  -22.44   -19.09    -4.35       -22.44   -19.09    -4.35     0.000
   29.21    23.33    -3.60        29.21    23.33    -3.60     0.000
   19.89    -7.04    20.35        19.89    -7.04    20.35     0.000
   -4.59    12.72    -5.22        -4.59    12.72    -5.22     0.000
   12.02    17.64   -24.13        12.02    17.64   -24.13     0.000
   31.76     8.77   -30.31        31.76     8.77   -30.31     0.000
   -5.89   -27.47   -23.61        -5.89   -27.47   -23.61     0.000
  -16.19    24.47    20.52       -16.19    24.47    20.52     0.000
  -18.97    10.18   -23.33       -18.97    10.18   -23.33     0.000
  -11.36   -20.08    -6.75       -11.36   -20.08    -6.75     0.000
   11.93    -8.05    12.14        11.93    -8.05    12.14     0.000
    8.83    -2.41   -21.96         8.83    -2.41   -21.96     0.000
   12.13   -16.36    -5.54        12.13   -16.36    -5.54     0.000
   -2.53   -14.66   -37.47        -2.53   -14.66   -37.47     0.000
   34.89    -5.45    15.73        34.89    -5.45    15.73     0.000
   16.84    15.12    48.88        16.84    15.12    48.88     0.000
  -10.44     1.12    53.57       -10.44     1.12    53.57     0.000
  -35.79   -27.39   -25.29       -35.79   -27.39   -25.29     0.000
   32.14     5.76    24.54        32.14     5.76    24.54     0.000
  -40.40   -11.43   -37.27       -40.40   -11.43   -37.27     0.000
  -21.23    -7.98     0.34       -21.23    -7.98     0.34     0.000
  -35.08     1.03   -14.65       -35.08     1.03   -14.65     0.000
    6.01    -8.69    27.37         6.01    -8.69    27.37     0.000
  -40.59    -2.34   -33.64       -40.59    -2.34   -33.64     0.000
   25.10    -7.03    15.05        25.10    -7.03    15.05     0.000
   20.43    10.87    58.95        20.43    10.87    58.95     0.000
  -20.12   -32.36   -14.94       -20.12   -32.36   -14.94     0.000
   -6.71    -1.25   -37.16        -6.71    -1.25   -37.16     0.000
   20.36    15.17    42.10        20.36    15.17    42.10     0.000
